437 164.7653786645571 -12.8686116460691 0.4604591344760919 1.04628239799491e-16 1.06274736776384e-17
163 164.7368492818859 -12.88666874915259 0.4463302328256392 5.05895535554609e-16 5.44355409468856e-17
408 164.7664567081871 -12.87007569821907 1.103708369275097 0.0 0.0
251 164.7399143733082 -12.88020979780259 1.141335121275304 0.0 0.0
207 164.740123516362 -12.88295390691235 2.150849403380592 0.0 0.0
171 164.754401541364 -12.88575570605549 0.4620130651770266 5.18803693037425e-15 3.07446136564734e-17
494 164.7591313175625 -12.86486304351066 0.9988609344946762 0.0 0.0
248 164.7699473532923 -12.88045171301882 0.4863119187467768 2.99486440413868e-16 1.5294823942544e-17
516 164.7410903304306 -12.86203720413334 1.734133419282661 0.0 0.0
553 164.7522648751472 -12.8593295240472 2.109492108889246 0.0 0.0
352 164.769322853037 -12.87323565757029 1.260283199865067 0.0 0.0
185 164.7327844543983 -12.88432266143617 0.9695944916467979 0.0 0.0
438 164.7393733744202 -12.86863417419551 1.1329721311457 0.0 0.0
397 164.7477185826174 -12.87110078817083 1.341508427698797 0.0 0.0
196 164.7513815087284 -12.88370233865294 0.6704857251199654 8.32818916310853e-17 9.0180132389476e-18
70 164.7583491399153 -12.89313677585631 0.3025862876850783 1.42519877441554e-16 3.26527608893637e-17
421 164.7441816166365 -12.86966760894748 2.305822371001961 0.0 0.0
388 164.7747881322122 -12.87143176195838 1.576932628049776 0.0 0.0
60 164.7536856842092 -12.89384575520025 2.042970573491492 0.0 0.0
174 164.7424484278692 -12.88593184316795 0.4547938763975664 4.93849225209812e-16 3.07475501754417e-17
406 164.7502729360717 -12.87032646807279 0.7906458406791024 2.20702359823047e-14 2.21063973757008e-14
348 164.729847104211 -12.87370614779307 1.011836460839997 0.0 0.0
585 164.7476211653386 -12.85608512830534 1.346923245149023 0.0 0.0
488 164.7474491510739 -12.86410650556761 1.130328391962016 0.0 0.0
596 164.7532808158248 -12.85415959635599 1.99550958125823 0.0 0.0
358 164.7766959178326 -12.87316567010456 1.368530472101529 0.0 0.0
339 164.7639246345167 -12.873962470717 0.5182874307076601 3.91462438211984e-17 8.54909883524272e-18
119 164.7530854569397 -12.88870674304343 1.735822419653581 0.0 0.0
412 164.7689013212546 -12.86989825033202 0.9100774583659018 0.0 0.0
41 164.7512431303831 -12.89770016976691 0.1974199679490106 1.30927538900011e-14 2.44792131722989e-16
510 164.7474797288954 -12.86251470078517 0.6323095003427993 7.70467769493213e-17 1.33289077568699e-17
231 164.7307216310584 -12.88157906068358 0.4794321668053346 4.9233071322994e-17 8.76133466237863e-18
340 164.7562651267203 -12.87427477260322 0.459644436273874 4.81053370511084e-16 2.99146780706351e-17
234 164.7479872250759 -12.88141435412232 1.364724890110424 0.0 0.0
233 164.7352099097599 -12.88144687321874 0.5727694881690543 4.77773438584439e-16 1.54571882897263e-17
136 164.7598929134734 -12.88785403519018 0.4550035460110017 8.44692104310359e-17 1.1246572786825e-17
507 164.7620833663574 -12.86266601909678 1.030302306153214 0.0 0.0
329 164.7726245711088 -12.87504143236256 3.063069665887856 0.0 0.0
126 164.7481676100182 -12.88843977621517 0.8934763911456663 0.0 0.0
303 164.7553804235843 -12.87758439610143 0.6735675929913673 3.30209521765888e-17 1.00339414564348e-17
200 164.7458497433848 -12.88345972773556 0.9220946696828555 0.0 0.0
399 164.7761444145007 -12.8708798531545 0.655862709637298 3.76911610723273e-17 7.49050824960861e-18
57 164.7567062337987 -12.89421198844609 1.03258108314314 0.0 0.0
91 164.7550999683365 -12.8907063751105 1.138101830809389 0.0 0.0
276 164.7683178542393 -12.87873437485745 1.187444711431268 0.0 0.0
305 164.7330272896635 -12.87759533462808 0.3727098570014845 4.13788209288444e-16 2.65219676499053e-17
145 164.734422595362 -12.88744493040684 1.504321966669525 0.0 0.0
167 164.7514399016324 -12.88588183510183 0.6720240475507224 3.95023889592744e-17 1.09754658783638e-17
497 164.7545589797044 -12.86320143230467 0.6001102567353092 2.55361071518491e-17 6.00740111648621e-18
172 164.7653658130429 -12.88542410217812 1.397115388543807 0.0 0.0
487 164.747689093585 -12.86410159149703 1.409027029869816 0.0 0.0
277 164.7456797593891 -12.87867664004076 1.055137676900822 0.0 0.0
259 164.72507240524 -12.88005556163833 1.064839523195678 0.0 0.0
456 164.7552227717264 -12.86692559937682 1.090409564485593 0.0 0.0
491 164.7528349676899 -12.8638021770395 0.311080888673145 3.03708815220949e-17 1.41498400495587e-17
523 164.7520424847347 -12.86167408970901 0.4065677820214267 4.0092311981611e-16 3.16607003214915e-17
465 164.7665535649866 -12.86641349822003 2.382556848868264 0.0 0.0
526 164.7430704228629 -12.86102648304514 0.5161604539499656 8.45128885825767e-17 9.46125101037047e-18
307 164.7618622826571 -12.87724933372117 1.400622483181478 0.0 0.0
483 164.7683995849783 -12.86454912378332 1.652091119804666 0.0 0.0
156 164.7559398956098 -12.88690934371647 1.061840009797648 0.0 0.0
571 164.7516476382587 -12.85824096100388 1.29781041646217 0.0 0.0
258 164.7487905388491 -12.87984354288017 1.349912697485997 0.0 0.0
415 164.7366492298756 -12.86973156529232 0.7612648052074201 2.21173670613644e-17 4.11283554003624e-17
429 164.7482383075424 -12.86919195637615 0.7087922354110606 2.61177441071177e-17 7.68617322879442e-18
541 164.7501892612962 -12.86032388202832 0.1986538632361148 1.14111201723628e-16 5.6893204505842e-17
221 164.7583476574125 -12.88214448174172 0.456534639159577 5.5003449606352e-16 3.07289183913676e-17
522 164.7450562064313 -12.86160910200369 1.208208354954152 0.0 0.0
95 164.7467132106049 -12.89026477661361 0.9363618800097924 0.0 0.0
347 164.7756689207108 -12.87362337409629 3.03715425421235 0.0 0.0
31 164.7472426826955 -12.89801413937674 2.79553098189977 0.0 0.0
283 164.7713605550536 -12.87857979901296 1.977875663958187 0.0 0.0
616 164.754131069613 -12.85003516793164 2.088117717756827 0.0 0.0
311 164.7692788839205 -12.87681847361473 0.9496863065700288 0.0 0.0
383 164.7386409643289 -12.87153129033674 1.2510595907189 0.0 0.0
300 164.7347138319112 -12.877771911448 1.104220646987144 0.0 0.0
332 164.7441341475878 -12.87507538191243 0.647879563100767 1.32382078501606e-16 1.75583943163076e-17
481 164.7466705140216 -12.86467049451862 1.27447389165086 0.0 0.0
473 164.7639493309462 -12.8656448279586 1.357160890110769 0.0 0.0
140 164.7519766695601 -12.88788719566442 1.346570497022064 0.0 0.0
466 164.7665713599382 -12.86628926307846 1.658634214772448 0.0 0.0
400 164.7545666205458 -12.87087155544871 0.4600251477131226 3.2940294397378e-16 1.46019987607454e-17
398 164.7478606333966 -12.87084856813773 1.444340610221828 0.0 0.0
441 164.7708315049271 -12.86826611498179 1.398448414168044 0.0 0.0
293 164.7706039342127 -12.87818967258835 1.099035034052352 0.0 0.0
420 164.7394881232091 -12.86951496475302 0.6876108423689365 1.61811398607469e-17 5.25285406331679e-18
333 164.743921551096 -12.87498494195165 0.6365298521300992 4.40045996622095e-16 2.01928352193033e-17
188 164.7580367752159 -12.88419333263793 0.642798747665994 3.66197937588746e-17 1.02401870696008e-17
113 164.7433596977801 -12.88904409167403 1.266674473018794 0.0 0.0
323 164.7483553651628 -12.87545197074719 0.7154276649645738 6.43379161093551e-16 2.14816349186926e-17
219 164.76359809503 -12.88242047409924 0.2759249899745965 4.15060335880103e-16 3.11233320624489e-17
222 164.7590140200939 -12.88184290758974 2.190113325261799 0.0 0.0
381 164.7629465190537 -12.87187757261188 0.29825337720117 3.7389567020547e-16 3.59377506106651e-17
492 164.7417894465844 -12.86381998732638 0.4474731754164216 4.31149608961531e-17 1.26279848239152e-17
240 164.7600394588947 -12.88090090231408 0.2945670999908947 7.23773166758759e-18 4.06534141289335e-17
506 164.7649536952835 -12.86269531555211 1.045424037356911 0.0 0.0
118 164.7530677592506 -12.88896435662265 0.4628119884583817 2.62245328472181e-16 1.45145136160113e-17
476 164.7611603491831 -12.86501506081134 1.064383527859619 0.0 0.0
337 164.7315466448914 -12.8743484105154 0.6441976849820712 2.47899881204456e-16 2.65560689795992e-17
393 164.7693915990622 -12.87114566616113 0.958333106229018 0.0 0.0
486 164.7642492271864 -12.8642476256922 0.5403394623275621 1.48998391386925e-16 1.93795999672677e-17
69 164.7581911229958 -12.89328707742552 1.009881717335817 0.0 0.0
431 164.7542063149658 -12.86912100138784 0.6533438282750501 3.22331719925098e-17 9.74669488837233e-18
350 164.73898454365 -12.8733542169939 1.04934787849706 0.0 0.0
576 164.7475180530633 -12.85795837537751 1.055418830731366 0.0 0.0
131 164.7484558895649 -12.88803198534904 2.029954678272963 0.0 0.0
413 164.7400635791365 -12.87001726792659 2.11487603782307 0.0 0.0
391 164.7553161256719 -12.87127046500326 1.122111991040312 0.0 0.0
112 164.7586907870222 -12.88890998080956 0.4631349045970017 6.23498792133687e-17 1.50426343608048e-17
379 164.7406725605272 -12.87167918797872 0.9621492387837094 0.0 0.0
503 164.7492185588208 -12.86311197089336 0.1525177478546893 4.18452589373606e-12 6.13857371988064e-12
314 164.7282949655545 -12.87637680088528 2.804662007937433 0.0 0.0
178 164.7437519515525 -12.88537046084027 2.659416102353635 0.0 0.0
390 164.7492054289022 -12.87125661170415 0.4553994178968832 1.05424768166164e-16 1.13623672150038e-17
82 164.7589159730752 -12.89159051222698 2.065859176945612 0.0 0.0
254 164.7255162787776 -12.87996403763772 1.298959384638364 0.0 0.0
182 164.7485491362562 -12.88482931360362 0.2192436730721012 6.65148064097171e-16 6.51831604894779e-17
125 164.7566528684097 -12.88841513575572 2.003190230872403 0.0 0.0
299 164.7698870475618 -12.87773620809322 0.6900920245994218 1.83856151071003e-17 4.76465911810401e-17
90 164.7554189318097 -12.89091729281746 0.4582995600512657 8.58001137162744e-16 2.348946963184e-17
587 164.760366554891 -12.85584414646483 1.128355072176885 0.0 0.0
533 164.7462655769035 -12.86059693089735 0.9087809944374593 0.0 0.0
357 164.7770804739475 -12.87335493924523 0.4925846289681902 4.90265313714735e-17 1.26207818739671e-17
247 164.7289941147653 -12.88060514077779 0.1646560493669232 0.0 0.0
78 164.7565101214973 -12.89212389794661 2.909786423507136 0.0 0.0
50 164.7517966922617 -12.89521980448911 1.305015807637291 0.0 0.0
168 164.7453810388884 -12.88567085861647 1.370614651154498 0.0 0.0
411 164.7677178090167 -12.87004813567522 0.688211481171712 0.0 0.0
603 164.7530403764685 -12.85283993773703 0.7067975100743524 2.0236313386117e-17 7.07532624501558e-18
290 164.7730079731142 -12.87812677281999 0.5735794560949172 1.85748127480115e-16 1.06251188997063e-17
422 164.7651011143952 -12.86953212535613 1.221020404491736 0.0 0.0
87 164.7448261366532 -12.89124502367715 1.279258709987195 0.0 0.0
445 164.7438816246993 -12.86782990073895 1.212436041133102 0.0 0.0
89 164.7535698276753 -12.89078102480327 0.1078128646489403 0.0 0.0
103 164.7625549167379 -12.88928887865646 0.1094873883769057 0.0 0.0
489 164.7470881501625 -12.86388993641346 1.024042679040633 0.0 0.0
467 164.7691830656788 -12.8663622757622 0.4603139092808865 1.56449603812205e-16 2.89742099384369e-17
110 164.7350687797148 -12.88888804530233 2.536209804432389 0.0 0.0
439 164.7558339162226 -12.86843839067421 2.054494889027561 0.0 0.0
232 164.7307079346743 -12.8814482242078 0.4902831709115328 4.40806973643647e-17 1.06565116556582e-17
570 164.7492045409167 -12.85833284089531 0.9818538361353615 0.0 0.0
67 164.7447655978876 -12.89333866276646 1.182114349268464 0.0 0.0
183 164.7363595195596 -12.88473614642543 0.4547341105201313 1.15299037898906e-15 1.9363400297257e-17
610 164.7533153571672 -12.85130523326808 0.2653082667758978 0.0 0.0
294 164.7693823068733 -12.87820012128473 0.988833215178834 0.0 0.0
318 164.7564476172903 -12.87596123377443 0.9317962887960749 0.0 0.0
501 164.7523149633253 -12.86322814470081 0.697768405723169 9.91878330562066e-17 2.00914833832074e-17
191 164.7533213588534 -12.88393891657645 0.8507742870568529 0.0 0.0
152 164.7630418868969 -12.88721060478055 0.6483029283723516 5.52991854530697e-17 7.50957010434162e-18
416 164.7506355373864 -12.86974791886806 1.921016410838039 0.0 0.0
96 164.7371427103128 -12.89022829248735 1.123955554621711 0.0 0.0
453 164.7708005098895 -12.86717804801832 0.7064453542364977 8.09824008538383e-17 2.45039944157911e-17
111 164.7582761389359 -12.8888787925906 0.4571480151733098 6.3836319939049e-17 1.38628101354514e-17
