245 164.7818856109072 -12.90354162509916 0.456081948822425 1.67486372969743e-16 3.75257959012323e-17
109 164.8091795174134 -12.91327650585631 0.4467541509712636 4.25612725058477e-17 1.55135372390309e-17
12 164.7965078261787 -12.92560811244178 1.251375506340255 0.0 0.0
398 164.79992377462 -12.89064307701775 0.5935732994127944 3.10810066217151e-16 1.94771585895517e-17
191 164.7861208259468 -12.90695717966785 0.4608580480824955 4.89097146459326e-16 2.25834608891424e-17
362 164.7863529829522 -12.89472198773094 0.6720834780866303 1.06278300498757e-16 1.58238356019901e-17
66 164.7926036726888 -12.9182147028619 0.4622598254727701 6.21629659922503e-16 5.88208983682705e-17
274 164.7835132046331 -12.90172569568997 0.4574458120472167 0.0 0.0
171 164.8058907362229 -12.90815520062889 0.4611395735279112 2.76109478236711e-16 1.90675192302996e-17
231 164.7828859742835 -12.90502851204773 0.4554477376350106 3.84940130877047e-16 2.13655629085012e-17
318 164.7786926899347 -12.89815955979262 0.589510422626796 0.0 0.0
169 164.7805367997705 -12.90833212903587 0.2632642916927649 3.57334861502108e-16 7.14800102746043e-17
423 164.7974880812259 -12.88887387177079 0.4564200402804326 8.28471976250212e-17 2.49004651367313e-17
