71 164.649795971364 -12.90708573058219 1.219824230898954 0.0 0.0
124 164.6423989017762 -12.90440033534033 0.9631884349762267 0.0 0.0
202 164.6565468318923 -12.89958040983512 0.2578072210034598 4.93805520290975e-16 3.25795207014508e-17
294 164.6307538740671 -12.89246361691307 1.180218709911529 0.0 0.0
203 164.6604422356644 -12.8990073623734 1.019551554887242 0.0 0.0
372 164.63592163778 -12.88799251393091 0.274716442584411 1.5349147107614e-16 2.2177053370062e-17
138 164.6570485950143 -12.90288318026386 0.8739135696271656 0.0 0.0
148 164.6360338365255 -12.90219666966237 1.419562586771149 0.0 0.0
28 164.6346776069416 -12.91130049673593 0.9407130054222508 0.0 0.0
262 164.6594704308859 -12.89557854136182 0.7370355019706207 1.70650026137951e-16 2.28277105608478e-17
384 164.6613793816766 -12.88735165187664 1.172834543691762 0.0 0.0
72 164.6450271028425 -12.90718155418332 0.7632938173777044 0.0 0.0
64 164.6349688543218 -12.90755415229831 0.6454219742401769 0.0 0.0
478 164.6360006768383 -12.87969538280577 1.172665424951751 0.0 0.0
403 164.6533194606563 -12.8864537325591 1.295531733830208 0.0 0.0
334 164.6335936268464 -12.88965465854418 2.174538335339651 0.0 0.0
239 164.6319805672484 -12.89705778066047 1.110508917556561 0.0 0.0
201 164.6352913913597 -12.89925068608873 0.9504592263955317 0.0 0.0
441 164.6282167763783 -12.88312428147549 1.329315639068125 0.0 0.0
25 164.6400825497134 -12.91134593856041 1.257586960983499 0.0 0.0
56 164.6334445960755 -12.90849316364837 2.987115666190419 0.0 0.0
49 164.6479503648992 -12.90902691487128 0.371504763896538 5.63207822362904e-16 4.96200148776388e-17
30 164.6401506298722 -12.91101161378893 1.347954227571888 0.0 0.0
261 164.6338569385461 -12.89542527656473 1.070816906138169 0.0 0.0
380 164.6538797864331 -12.88745884307917 0.4556308679675549 6.17619545091006e-17 1.12182200131e-17
306 164.6288171451354 -12.89127126836227 0.6464765354899578 5.45966000151072e-18 1.38368259442748e-17
157 164.6363708159577 -12.90182072457886 0.700229687005105 2.0081070067925e-17 5.44532344352949e-18
487 164.658882914821 -12.87876423538147 1.614187040888453 0.0 0.0
435 164.6492105921585 -12.8838432489295 0.7264690524807782 0.0 0.0
187 164.637363749274 -12.90001409981635 0.6647607148980867 4.15247517999119e-17 8.5010302892901e-18
108 164.6555338197682 -12.90620706060944 1.062251503425399 0.0 0.0
10 164.6392533698815 -12.91390255718649 1.383935381227338 0.0 0.0
127 164.6550729604955 -12.90379747712316 1.082510454054572 0.0 0.0
95 164.6536296480298 -12.90593159897037 0.4157882246148734 1.10226296302261e-16 2.08683014037996e-17
411 164.6374929427713 -12.88602103718469 1.039267738813145 0.0 0.0
297 164.6546681512577 -12.89242824307232 1.053219513975435 0.0 0.0
91 164.6458553762849 -12.90603674426035 1.572684967093151 0.0 0.0
346 164.6528720136887 -12.8891961404675 1.250871052607585 0.0 0.0
194 164.6469548050038 -12.89981240901257 0.6029100312120029 1.78093587764214e-16 1.70747955100934e-17
428 164.6603729182942 -12.88511729169033 1.068988205456107 0.0 0.0
233 164.6644181818877 -12.89744765695561 3.024534110338162 0.0 0.0
102 164.6449824253097 -12.90543680532398 1.057480578785697 0.0 0.0
348 164.6297574461526 -12.88905802972172 1.478922070201259 0.0 0.0
440 164.639057500214 -12.88380961714216 0.2941526534184177 6.26596379132069e-16 8.67207119580075e-17
469 164.6421757420996 -12.88052004754024 0.6460007251299567 1.03691606924931e-16 2.29259553127014e-17
178 164.6333043589869 -12.90064764771294 1.464187222854973 0.0 0.0
231 164.6317941278431 -12.89745927169797 1.320360472929116 0.0 0.0
319 164.6480476881839 -12.89069937260474 1.380335749726568 0.0 0.0
48 164.6473356869765 -12.90915618880058 1.272919948920746 0.0 0.0
210 164.6644624842185 -12.89888268720075 0.8073742119890603 3.73780781948524e-13 2.37199592613107e-13
189 164.6607564384852 -12.90004770600786 0.6851126263449367 1.90006760579164e-17 1.00503918751461e-17
315 164.6293614000745 -12.89073144796232 1.388983344058107 0.0 0.0
214 164.6638412240212 -12.89846904601868 1.355299084139409 0.0 0.0
237 164.654614201888 -12.89728530390794 1.191509172191043 0.0 0.0
485 164.6512099471227 -12.87897063991014 1.313782694710606 0.0 0.0
405 164.6429974087904 -12.88635483444428 1.604093731811518 0.0 0.0
52 164.6454074916511 -12.90874776778528 1.022408314274595 0.0 0.0
155 164.6387450636377 -12.90213266756152 0.2526486842415625 1.33276714970334e-16 2.47993150779764e-17
404 164.6360599486773 -12.88638690693301 0.6784727674272275 0.0 0.0
211 164.6493362829904 -12.89874349432002 1.049623118145421 0.0 0.0
247 164.65486801477 -12.89630635937663 0.6527486803193594 3.21899755920384e-16 1.14200321176698e-17
75 164.6580697817239 -12.90651231027784 1.059388080489321 0.0 0.0
314 164.6294327187029 -12.89082972222752 1.554849835799222 0.0 0.0
390 164.6402015900162 -12.88728669361643 2.197295615415989 0.0 0.0
439 164.6341868508523 -12.8841149092109 1.285690602563635 0.0 0.0
158 164.6334528506044 -12.90192493392881 1.04382334491162 0.0 0.0
182 164.6446075641094 -12.90034526693618 0.6511408739516805 1.25092901561574e-16 1.33249515148609e-17
144 164.6612907569264 -12.90268232241392 1.606742400364557 0.0 0.0
474 164.6387077236399 -12.88036287901751 0.8548445397487916 0.0 0.0
406 164.6352938685791 -12.88639319592886 0.4862961868859386 1.95214843135184e-16 2.00699548818134e-17
111 164.6427849707785 -12.90498663478782 0.3509090356140247 2.05108710943737e-16 1.60394975448354e-17
244 164.6379946418678 -12.89673774507031 2.134091938655144 0.0 0.0
460 164.6355653205599 -12.88150053769555 0.7106471036900566 0.0 0.0
305 164.6268758776343 -12.89168829729144 0.1933623900346327 3.74400559320999e-15 2.53102755078318e-16
489 164.6571767817965 -12.8781785913632 0.8272462683158748 0.0 0.0
359 164.6346573067403 -12.88835186520786 2.130147629251112 0.0 0.0
145 164.6502569713628 -12.90256794386098 1.330427074172885 0.0 0.0
324 164.6523342779504 -12.89030885584891 1.114052973086749 0.0 0.0
126 164.6577164968243 -12.90377946421375 0.5425332255036881 2.97636654106602e-17 7.78102905692896e-18
355 164.6554865042671 -12.88859592889677 1.064455776647441 0.0 0.0
264 164.639247444064 -12.89522780388515 1.057917979952275 0.0 0.0
402 164.6541583072124 -12.88655229636955 0.1000000000000001 0.0 0.0
494 164.643970085278 -12.87712266567863 0.1141607019105672 0.0 0.0
70 164.6364791297875 -12.90709639304475 2.885408958403037 0.0 0.0
470 164.6448401562347 -12.88032626963975 0.6398031641993431 3.05162503431724e-17 1.03760260829271e-17
243 164.6352684463125 -12.89663872307666 1.102827567557393 0.0 0.0
498 164.6506129914162 -12.8761343127501 1.064066425092662 0.0 0.0
289 164.657042961117 -12.89301042225279 0.829879719687145 0.0 0.0
230 164.6318852695111 -12.89759236716062 0.5946980103585519 0.0 0.0
415 164.659901769096 -12.88595544964956 0.5498975501276775 5.40215827202269e-17 9.2886174344372e-18
83 164.6508631149642 -12.90626273830872 1.213106775101148 0.0 0.0
316 164.629151336942 -12.8904971356458 1.420267737524976 0.0 0.0
120 164.6437518594057 -12.90461896772848 0.4488195782977411 3.42221303938162e-16 1.58142589174011e-17
105 164.6438721408113 -12.90538311047583 1.327612189561557 0.0 0.0
481 164.6362533971453 -12.87942059347513 0.8133412415546076 0.0 0.0
488 164.6468831668927 -12.87830308833797 1.337338683219534 0.0 0.0
192 164.6431687088055 -12.89994235370191 0.5094725854417265 8.5650445547311e-17 1.88202873638362e-17
58 164.6562024830853 -12.90805438776791 1.006437831177825 0.0 0.0
476 164.634733234332 -12.87989063393428 0.8742395540713676 0.0 0.0
60 164.644103029456 -12.90815521927127 0.7208708416163755 0.0 0.0
162 164.6423109400207 -12.90132498506996 0.8940803305467819 0.0 0.0
414 164.6600609182548 -12.88604498883323 1.049327482909081 0.0 0.0
394 164.631484567398 -12.88680733134943 1.478959151799175 0.0 0.0
416 164.6603226876671 -12.88606327037839 1.090372596197978 0.0 0.0
299 164.6428830169986 -12.89252450129093 1.208751854069138 0.0 0.0
29 164.6347421177574 -12.91113606851497 1.220742485060259 0.0 0.0
109 164.6555854310018 -12.90561366420457 2.665033838548999 0.0 0.0
291 164.6579760912779 -12.89263780999562 0.9584683936113167 0.0 0.0
383 164.6613738976809 -12.88760082033643 0.588532968228161 3.06490790875657e-17 1.20760042982364e-17
456 164.6591402359051 -12.88216841062567 1.017653201683422 0.0 0.0
128 164.6424244991224 -12.90350266311244 0.6859157337307468 2.35635608679131e-17 5.25728097649e-18
254 164.6608081881838 -12.89561667197151 1.377545422121639 0.0 0.0
216 164.6522636211301 -12.89863762253189 0.2192865539170287 2.15180868944816e-16 9.84413527223977e-17
26 164.6476710125992 -12.91131216579751 1.066811896830281 0.0 0.0
63 164.6348363310193 -12.90767836506074 0.6903113543919458 0.0 0.0
444 164.627388275534 -12.88296324763106 1.674016514661265 0.0 0.0
90 164.6615220795499 -12.90601038401423 1.419525973326369 0.0 0.0
32 164.6429188545559 -12.91103734061978 0.8605201497346365 0.0 0.0
361 164.6425546126223 -12.88837392450187 0.2938937318131704 3.76589383063903e-17 1.71985608344853e-17
407 164.635652507119 -12.88635312118866 0.5206355998068944 1.03372842971072e-16 1.55939383442478e-17
59 164.6493191357894 -12.9078853596595 1.188210471193386 0.0 0.0
409 164.6530156127976 -12.88619060642761 1.109013503004092 0.0 0.0
193 164.6469349518203 -12.90006833759719 1.209256047538894 0.0 0.0
327 164.6442583797649 -12.89007680270135 0.6137840493096357 0.0 0.0
146 164.6590016601316 -12.9025123648006 1.479647519783173 0.0 0.0
248 164.6620437495172 -12.89618506709573 0.3900175656960742 3.49959825687568e-17 1.26331872629626e-17
318 164.6482537090506 -12.89056459313378 1.244630152903521 0.0 0.0
205 164.6413409538566 -12.89877503440692 0.4901165545303546 5.78282112535581e-17 1.02079293033784e-17
104 164.6601908414255 -12.90534449575123 1.862047284595621 0.0 0.0
134 164.6684166471335 -12.90340750680002 0.2694654185920207 5.11535855902408e-17 2.89412119290707e-17
280 164.6633726698447 -12.89414560777968 0.9077081291184647 0.0 0.0
258 164.661605840714 -12.89561952453356 2.086575836539424 0.0 0.0
196 164.6653670902576 -12.89964891468439 2.107377209836131 0.0 0.0
125 164.6445439057223 -12.9041211956114 1.056313932985232 0.0 0.0
137 164.6594585046832 -12.90283316512853 1.12150952645178 0.0 0.0
354 164.6269271494748 -12.88869093058297 1.484081396171377 0.0 0.0
293 164.6365902722886 -12.89243461238754 0.8533315202293218 0.0 0.0
235 164.6331744262934 -12.89735649256335 1.198245657545475 0.0 0.0
22 164.6446756500054 -12.91211642297776 1.00243363308899 0.0 0.0
310 164.6316289791218 -12.89179417179231 1.56421193286552 0.0 0.0
278 164.6589748045105 -12.8942184394687 0.3488648067760601 7.63795764981004e-17 2.2938321704935e-17
149 164.6606231399726 -12.90228365697596 0.7501247541879502 8.73671074179483e-17 1.51039627616257e-17
215 164.6484575278915 -12.89850306550907 1.53758422437944 0.0 0.0
328 164.6429696599982 -12.8900974855539 0.663057331732686 1.80417029686875e-16 1.91102859162005e-17
363 164.6499283003691 -12.88825005855953 1.328054042496208 0.0 0.0
313 164.6594210852411 -12.89067318809023 1.993912352998348 0.0 0.0
413 164.6282617144377 -12.88605678959895 0.6687388959338676 0.0 0.0
431 164.6285739557705 -12.88481006177551 1.294625475430029 0.0 0.0
92 164.6371565387003 -12.90606830760346 1.454893128696096 0.0 0.0
241 164.6407848336369 -12.89686590660991 1.368426357314425 0.0 0.0
