86 164.7946970237621 -12.78224855338596 0.6800593391233026 0.0 0.0
501 164.7699959815366 -12.75286347117545 0.6851030323542114 6.80103914928907e-17 1.89514050394103e-17
127 164.7712671886483 -12.7788347022464 1.003043517191812 0.0 0.0
15 164.7725756835632 -12.78706031558096 0.6529450746111003 9.79072901700574e-17 9.80351182644482e-18
154 164.7880334281599 -12.77636627106962 0.8941732115865645 0.0 0.0
19 164.7843658721565 -12.78666380200352 3.285812631974742 0.0 0.0
394 164.7618795202815 -12.76144499240824 1.268716343201114 0.0 0.0
21 164.7865617820375 -12.78730242478973 1.035655433195254 0.0 0.0
152 164.7668229966034 -12.7767901274006 0.7943488264831104 3.75804597869738e-13 1.31930462781831e-13
490 164.7800395594866 -12.75494360391537 1.872658821193578 0.0 0.0
250 164.7655855982288 -12.77005706441948 1.153775414387414 0.0 0.0
73 164.7634373027489 -12.78302901979415 0.7099310065711876 6.33632649185808e-17 1.06538656041048e-17
118 164.7775527480576 -12.77903860477389 0.2845259801997743 8.76562293647668e-17 3.6799186571363e-17
435 164.7922595941973 -12.75906761446439 1.0536436551635 0.0 0.0
359 164.7918060733845 -12.7633425763888 1.20181636724534 0.0 0.0
119 164.7871157849165 -12.77903974211791 1.537019142083682 0.0 0.0
159 164.7654951798141 -12.77612882285896 1.109607764947264 0.0 0.0
298 164.7731151056321 -12.76682372117693 1.418193764063682 0.0 0.0
497 164.7631501147931 -12.75406047978316 0.6595333005483732 9.32790183021473e-18 1.44342612026626e-17
366 164.796656807356 -12.76297502728608 0.8615790791349606 0.0 0.0
11 164.774141924279 -12.78762998646536 0.5165278660618501 1.09341819069102e-16 1.57573517942059e-17
498 164.7753528474532 -12.75356699619004 1.221303099634981 0.0 0.0
94 164.7624767011901 -12.78137356449936 0.8055198731783975 2.62795887096713e-13 2.0728754041604e-13
20 164.7867468231869 -12.78735730528192 1.342124450737505 0.0 0.0
225 164.7842851683118 -12.77231489197835 0.6080748731977473 3.91958347660859e-17 1.30255872434144e-17
163 164.7689792016738 -12.77568539242397 0.2232511375703418 1.4967215916268e-16 5.37426621148284e-17
131 164.7828980351553 -12.77822284037576 1.073195403421978 0.0 0.0
217 164.7679134580292 -12.77247264113812 3.161770414197507 0.0 0.0
49 164.792959217356 -12.78440983498812 0.7848255017181175 0.0 0.0
491 164.7714311833772 -12.754809125821 0.8027966229459833 5.85701701994962e-10 3.08257579134588e-10
292 164.7640096528513 -12.76694047034325 1.230765605469787 0.0 0.0
462 164.7720621090895 -12.7573169829525 1.386776550905398 0.0 0.0
10 164.774037214245 -12.78769983536272 0.5199327226345863 4.79529275165604e-17 9.65677420200264e-18
92 164.7674164149429 -12.78196030151186 1.595172831991421 0.0 0.0
267 164.7727980202362 -12.76838522861568 0.7683885490670147 4.70512886544803e-17 5.96653356366146e-17
227 164.7912418632152 -12.77220522812761 1.430101795501745 0.0 0.0
47 164.767964929345 -12.78466000899946 1.06019087791327 0.0 0.0
23 164.7834513585058 -12.78623439411327 1.304710883043788 0.0 0.0
262 164.770779849568 -12.76874953224951 1.328743818763371 0.0 0.0
168 164.7613805879978 -12.77547463707626 0.6015337795394722 6.27704342393709e-17 1.25817715559657e-17
130 164.7814951382762 -12.77859527370594 0.4568692452416651 1.47252710011179e-16 2.79592001466002e-17
224 164.7682529308354 -12.77285218586391 0.9193712949698096 0.0 0.0
450 164.7964079280962 -12.7584828713565 0.7710248516492317 0.0 0.0
193 164.7692770984105 -12.77399136402225 1.379611794651715 0.0 0.0
360 164.7921061625763 -12.76329581680241 1.108365372879138 0.0 0.0
155 164.7881580758455 -12.77633287048191 1.409688104171979 0.0 0.0
5 164.7914026174438 -12.78823161035237 1.379314439096994 0.0 0.0
207 164.7826617465224 -12.77365460937228 1.421283632874893 0.0 0.0
351 164.7643960348595 -12.76352230545196 2.112042060934809 0.0 0.0
98 164.7939243289485 -12.78145232389497 2.6558462235346 0.0 0.0
137 164.7886224253262 -12.77789556253087 1.11968521834404 0.0 0.0
67 164.7622873752435 -12.78355049820924 1.035127136902471 0.0 0.0
336 164.7782618157326 -12.7641332989812 0.9075977300484428 0.0 0.0
184 164.7933860317642 -12.77488032871133 1.352636010352614 0.0 0.0
116 164.7665059205313 -12.77982820481922 0.4398486715319705 6.5197971745061e-16 4.67066226796996e-17
201 164.7896839708524 -12.77366082618864 1.177852262435502 0.0 0.0
34 164.7870973423761 -12.78551408296003 3.086744723368772 0.0 0.0
352 164.7643872088558 -12.76334259484556 1.20583275169302 0.0 0.0
6 164.7915833554293 -12.78822685121249 1.353048624383256 0.0 0.0
486 164.78510304886 -12.75522793656721 0.9645421617079724 0.0 0.0
391 164.767901850562 -12.76148132977739 0.9518916830116746 0.0 0.0
464 164.789391631686 -12.75720378642844 1.390960329327377 0.0 0.0
205 164.771538429838 -12.77341110109163 1.379676854765517 0.0 0.0
8 164.7856217715356 -12.78821488403736 0.8058346827263771 0.0 0.0
206 164.7611521373041 -12.77350456523938 1.045212608524042 0.0 0.0
72 164.7893473954758 -12.78299308345694 0.6162508952959812 3.5345815314264e-17 1.22850245292805e-17
31 164.7728571010813 -12.78584220824328 0.9865725578642389 0.0 0.0
142 164.7604836854635 -12.77748514156276 1.043646905782235 0.0 0.0
117 164.7666622093545 -12.7794359753724 1.366440228273358 0.0 0.0
167 164.7837292853199 -12.77566778980305 1.225040448091242 0.0 0.0
35 164.7773752795388 -12.78523466502393 0.738075679587207 2.71747981021141e-17 1.15695963821077e-17
409 164.7882795752061 -12.76034915416836 0.5941931762778885 4.17562574273671e-17 1.68151085738164e-17
126 164.7647678042866 -12.77897399768992 0.6192736000834987 1.8803554195552e-16 2.03125776045407e-17
43 164.7836956459423 -12.78479267017713 0.8871988056210371 0.0 0.0
37 164.7720429416638 -12.7852526975972 1.366741777061738 0.0 0.0
106 164.7888109988343 -12.78021252722921 1.136636454288465 0.0 0.0
466 164.7965034241409 -12.75694360987549 0.8365666473447719 0.0 0.0
406 164.7945815011547 -12.76104703360767 1.11850713156953 0.0 0.0
328 164.7889066227519 -12.76450742801991 0.9397940966997634 0.0 0.0
128 164.7713452584063 -12.7786444741613 0.5183336859347843 1.0094617537217e-16 1.17677943565446e-17
132 164.7761214891099 -12.77798935719768 1.122869534552735 0.0 0.0
197 164.7812951359895 -12.77388060323289 0.4560990453624861 4.67335302002972e-17 1.61808426513763e-17
447 164.7669377192209 -12.75854020644221 1.210407254808425 0.0 0.0
461 164.7976345365194 -12.75736052877676 0.6241003803955493 0.0 0.0
164 164.7889746938723 -12.77557020685146 0.1325384699983715 0.0 0.0
316 164.7865782019625 -12.76520875104692 1.311533543140626 0.0 0.0
249 164.7809267380115 -12.77001014626301 1.060856287756308 0.0 0.0
338 164.7654030026995 -12.76403946193811 0.5135109731972398 4.54209895973072e-17 1.46882594306475e-17
443 164.7943973584398 -12.75865142877655 1.76433575143394 0.0 0.0
107 164.7713684609 -12.78058675443554 1.302011025701686 0.0 0.0
84 164.7764710673081 -12.78235756666712 0.6859816443305582 6.0760284443929e-17 9.43083084883254e-18
17 164.7778284748696 -12.7873874757712 0.5235428018137028 1.81979826578596e-16 3.55370659899749e-17
69 164.7780922328552 -12.78339914705302 1.276256010103962 0.0 0.0
372 164.7691002246235 -12.76266614022905 1.57340701516713 0.0 0.0
367 164.7676991054119 -12.76286001583431 0.1702327365367153 0.0 0.0
334 164.7671931668567 -12.76415538390854 1.180875877495676 0.0 0.0
363 164.7660612276187 -12.76323859265233 0.8056782724341621 0.0 0.0
277 164.7772203252476 -12.76800552772091 0.4556511801825854 3.16195754160771e-16 1.91631958858361e-17
365 164.7964286056508 -12.76304414305113 0.918605995504115 0.0 0.0
274 164.7880389931533 -12.76827762242892 0.9913309286219261 0.0 0.0
418 164.7724551106313 -12.76002800850958 1.101805180315714 0.0 0.0
56 164.7890812762733 -12.78462140436468 0.5159033552019107 1.16189170656963e-15 5.83576735498074e-17
340 164.7824073160586 -12.76397792532051 0.9027053241280488 0.0 0.0
144 164.7926292693773 -12.77743250867533 0.1168007733051245 0.0 0.0
161 164.7934899601697 -12.77592719078489 1.359103305817423 0.0 0.0
459 164.7948425185592 -12.75758733841197 0.9531235977577194 0.0 0.0
454 164.7954660651201 -12.75823286883026 1.087384354396553 0.0 0.0
414 164.7863413911075 -12.75993764785058 1.013618811775388 0.0 0.0
361 164.7860129359898 -12.76303920478317 0.3285463422430616 8.23263207280802e-17 2.51992177051459e-17
303 164.7626128373417 -12.76674526687157 0.730734183949665 8.7750392972236e-17 4.10983962969376e-17
143 164.7952515046049 -12.7773733607802 0.973307919925378 0.0 0.0
177 164.7958159959292 -12.77499739124911 0.6355575254409856 0.0 0.0
158 164.7720682132128 -12.77690033766769 1.3092912017848 0.0 0.0
492 164.7821363006355 -12.75472188267112 0.4045370563140318 4.32647478997265e-17 1.43610353555687e-17
500 164.7656075559948 -12.75294399235604 0.6344024799494887 5.92468181318906e-17 1.09934892904299e-17
209 164.7615295370408 -12.77304257589945 1.078783690803343 0.0 0.0
208 164.7824645248674 -12.77352710968407 0.7597883043996123 0.0 0.0
273 164.7879961645827 -12.76858394429044 0.9953383497233179 0.0 0.0
223 164.7686532748197 -12.77288440644567 0.7261174758507931 1.01882946716267e-16 1.65003075389358e-17
77 164.7576243876121 -12.78264496406489 0.6832789960518955 1.05475365640671e-16 1.72856736784698e-17
83 164.7665353405862 -12.78231839764113 0.5643698735682138 4.73741357216905e-17 1.4172574817041e-17
85 164.7621221249293 -12.78240519319442 0.3799387252414484 4.84326011307068e-16 4.30518182164012e-17
113 164.7657959032911 -12.77954340213509 1.727563115099951 0.0 0.0
79 164.7801265938164 -12.7825364998838 0.2996283408915069 1.02414729000207e-16 2.19943283736179e-17
319 164.7620644171455 -12.76518751951272 0.9381166866990143 0.0 0.0
304 164.7906968652968 -12.76638691611675 0.94035249795855 0.0 0.0
191 164.7688321416308 -12.77457172591056 1.159881831683271 0.0 0.0
237 164.7783489558763 -12.77120645634998 1.496152268247642 0.0 0.0
7 164.791767883521 -12.78826404364204 1.322380977880339 0.0 0.0
271 164.7920135241722 -12.76832321566621 0.5319507163705194 2.41485122099497e-16 2.42671387817141e-17
210 164.7644997491525 -12.77297283432422 0.7395621778391888 2.77433565798826e-17 1.38820653283799e-17
195 164.7797009595838 -12.77402336500426 0.4210902938732021 1.35682421318555e-16 2.12204211431131e-17
80 164.7707997004864 -12.78251415132795 2.476777900841861 0.0 0.0
66 164.7856301170324 -12.78367227144291 0.2732410796448183 7.62815183949549e-17 2.26037240642025e-17
216 164.7660206401506 -12.77254916824381 1.328295991508493 0.0 0.0
276 164.7789371802602 -12.767888978711 0.5818670220251685 7.42297740146615e-18 8.43935994862882e-18
16 164.7892385896873 -12.78708233519985 0.7302089813993883 0.0 0.0
243 164.7864667007895 -12.77048833445609 0.6930406590908936 5.07944123493427e-16 2.5420338012394e-17
82 164.794318599925 -12.78236211398006 1.260065393522749 0.0 0.0
222 164.7691275739893 -12.77257170379379 1.046001745375165 0.0 0.0
124 164.7721181443797 -12.77884772716415 0.4378511665575285 3.77040671158908e-16 1.88884522264359e-17
502 164.7662007484865 -12.75225162231411 0.8592087949255891 0.0 0.0
244 164.7726777449783 -12.77027471468255 1.013502620845215 0.0 0.0
160 164.7832022484972 -12.77632101813236 2.976590798399816 0.0 0.0
221 164.7685372053868 -12.7724931118573 1.139535210654516 0.0 0.0
226 164.7842337917618 -12.77214819154832 1.051243949054859 0.0 0.0
253 164.7861227609995 -12.76939961970204 0.6884164122780592 1.97558902239779e-17 6.08052680797601e-18
76 164.7914964082036 -12.78270604571241 1.107202036002266 0.0 0.0
424 164.7649922709905 -12.75948085861101 1.331635616081071 0.0 0.0
190 164.7641439171769 -12.7745968001436 1.308062888500178 0.0 0.0
218 164.7676845641219 -12.77253337875216 0.8108568640394287 0.0 0.0
364 164.7747677148332 -12.76291153460367 1.322918277870293 0.0 0.0
299 164.783229807741 -12.76679048083532 0.6998349507050744 4.77019712037019e-17 1.18761095598838e-17
114 164.7793096791029 -12.7795549552427 1.300267325646063 0.0 0.0
169 164.7657955767459 -12.77534465153918 0.7195585229760572 0.0 0.0
256 164.7920166659615 -12.76941039176131 1.441641111101005 0.0 0.0
275 164.7880898871412 -12.76807074412161 1.3433445009691 0.0 0.0
315 164.7840638311755 -12.76538927587767 1.071844052535745 0.0 0.0
430 164.7820085863683 -12.75910389657698 0.4582926942220483 3.61084366571738e-17 1.23270952780432e-17
