171 174.6884450469137 -11.5785399598119 1.151912846911031 0.0 0.0
336 174.6948245944173 -11.56416847700725 0.8246219536259993 0.0 0.0
437 174.7065316974203 -11.55589244883614 1.311383516696754 0.0 0.0
397 174.6811290169452 -11.56029597445825 0.7039534243994954 1.16241063113462e-16 4.08751076147328e-17
321 174.7117759257723 -11.56479820070327 1.406877937718311 0.0 0.0
90 174.6859077177051 -11.58381532624347 0.6339908593709953 0.0 0.0
64 174.690860420338 -11.58542979079354 0.3004624155411121 3.08641666418873e-17 3.60906403084772e-17
318 174.6874788938332 -11.5650936924527 0.5367620046265459 8.32393845603652e-17 2.84082430748629e-17
200 174.6829926557587 -11.5764238519726 0.6294281528734076 0.0 0.0
155 174.6907035652067 -11.57970218797826 1.051620934704043 0.0 0.0
89 174.7050336843744 -11.58382452943662 0.5897526339441717 5.37528359154912e-17 2.41513554759658e-17
335 174.6947355183213 -11.56443047121568 0.6065705883148044 9.40421002505054e-16 2.39289774951446e-17
399 174.7007506522461 -11.5600189839332 0.4530815629912298 5.85448365448295e-17 1.57573902955996e-17
62 174.7053141820013 -11.58547838918288 0.6498439145832465 2.94453476577049e-17 1.4514581035964e-17
117 174.6827267811825 -11.58235039326357 1.118772858561819 0.0 0.0
20 174.7047040005867 -11.58957634556455 2.060824472828815 0.0 0.0
41 174.7117475562629 -11.58749332405832 0.531356551235946 6.8703182475247e-17 2.52876991061471e-17
369 174.7124654894843 -11.56188276606569 0.2694845672580298 1.62588674977522e-16 7.31923936648863e-17
175 174.7149069348384 -11.57818736534809 1.68399143581067 0.0 0.0
341 174.6866575444467 -11.56373697067529 1.497614237582051 0.0 0.0
311 174.7089603786134 -11.56582806946287 1.132636369250139 0.0 0.0
368 174.6833074196836 -11.56249497372715 0.9738769810719975 0.0 0.0
76 174.6872311360171 -11.58494189933825 0.9574528126994664 0.0 0.0
160 174.7156934689091 -11.57940183078367 1.069626448427283 0.0 0.0
377 174.7104773432268 -11.56164833908711 0.4944555041620641 6.29391810592633e-16 5.41167509130069e-17
438 174.7092282626479 -11.55559220693849 0.6249865108231012 5.29427991895795e-16 2.03558651851248e-16
138 174.7060793705327 -11.58071623036276 0.6284929856863848 7.0028458728535e-17 1.55471536494938e-17
42 174.7119331492119 -11.58741495334131 1.647169695297823 0.0 0.0
157 174.7095452755004 -11.57919948996506 0.9663436302743763 0.0 0.0
53 174.706499520342 -11.58642465818319 0.9231555009099346 0.0 0.0
60 174.7197189795983 -11.58555817752024 0.2702432366633318 2.37250701797737e-16 5.57361071136557e-17
136 174.6888028630809 -11.58087245847799 1.160489517400231 0.0 0.0
178 174.6880053121069 -11.5780831433963 0.1611444517806932 0.0 0.0
51 174.6877932279247 -11.58647211850138 1.283262157606701 0.0 0.0
56 174.7123244791774 -11.58631328677282 1.904756991444059 0.0 0.0
13 174.6947639358652 -11.59147203160897 0.6050542103347036 4.92054184668066e-18 1.50852928585216e-17
430 174.700101803519 -11.55717951918468 3.067164221672724 0.0 0.0
353 174.6984610272994 -11.56312681196578 0.8451178199838701 0.0 0.0
9 174.6925040411726 -11.59226555548719 0.4111566103629987 4.75551820179459e-17 2.78189545988859e-17
73 174.6923228814211 -11.58477847966576 0.1430080753965213 0.0 0.0
222 174.6826441447059 -11.57481323497963 0.7116143374965339 6.88080387553864e-17 2.44057516224083e-17
98 174.6928885173734 -11.58332293937113 2.079451556246859 0.0 0.0
93 174.7125032466033 -11.58359270597457 0.7451502525586032 6.09209206963204e-17 3.71330476257775e-17
203 174.7173002327887 -11.57617988456329 0.8035953373021906 0.0 0.0
274 174.6910702372923 -11.56940058552446 1.032177494541734 0.0 0.0
107 174.7068508866974 -11.58277373256549 0.9775386848991723 0.0 0.0
363 174.7082274979967 -11.56278491408415 0.3564184102647625 4.06866037416022e-16 5.66544028313495e-17
211 174.7121455327882 -11.57568866828056 0.5365074063630202 7.63334087866494e-17 1.78736449488594e-17
425 174.7006123632023 -11.5579096127282 1.524033682404176 0.0 0.0
186 174.7149516001597 -11.57728632337305 1.367265715524338 0.0 0.0
47 174.6884314466066 -11.58692058662234 0.5492767075793259 4.97209324970691e-16 2.65804873136164e-17
357 174.6916915535982 -11.5633480066118 0.457573994942453 3.78967999669744e-16 6.74112859366483e-17
35 174.7009957952172 -11.58797623607239 1.397671930275068 0.0 0.0
263 174.7116600843667 -11.57041735408103 1.095890122073911 0.0 0.0
405 174.7034676619817 -11.55993098665277 1.226207674085451 0.0 0.0
423 174.7056278077667 -11.55876892921122 3.285812631974742 0.0 0.0
23 174.6884386665293 -11.5892160786307 1.598330586247537 0.0 0.0
198 174.6855738369558 -11.57652037322583 0.6108749258237879 5.43090317609336e-18 1.84568560255789e-17
3 174.6878437363636 -11.59339124689764 0.522131122964412 5.85466578766856e-17 2.5746272365312e-17
126 174.7139919359608 -11.58188016865673 1.058253166497612 0.0 0.0
22 174.7047075472342 -11.5892729589644 0.684687108748948 5.47464627953935e-17 1.71133732527643e-17
258 174.7121968809493 -11.57136957106331 0.4904199394718614 5.5973120809335e-16 7.32482918695506e-17
4 174.6864922820074 -11.59347118159537 2.011226026833936 0.0 0.0
213 174.6953360903882 -11.57557059661794 1.418202124013072 0.0 0.0
261 174.6860927088128 -11.570914829381 2.060124287697144 0.0 0.0
264 174.7161315379001 -11.57021509006309 0.8005049110813277 0.0 0.0
83 174.6916908671871 -11.58441369225789 1.927395467486124 0.0 0.0
30 174.6902246615969 -11.58839168297179 1.020188866681301 0.0 0.0
347 174.7078104617988 -11.56345903770324 0.4275695944195154 1.12363230174777e-16 3.33435030081072e-17
220 174.7002463960229 -11.57483888561791 1.549762196481306 0.0 0.0
255 174.6840046460576 -11.57170097564077 0.2536824263390776 1.58188108583643e-16 5.36057262351481e-17
329 174.7112442039988 -11.56438182012354 1.081174567295218 0.0 0.0
142 174.695348376125 -11.58058975681128 0.6976022593420581 1.20476209042324e-16 1.98232626508384e-17
429 174.700733722317 -11.55725794251215 1.11078756220689 0.0 0.0
74 174.7027386910396 -11.58488907237179 1.100719541662995 0.0 0.0
294 174.6861404006303 -11.56770874223661 1.363668530229196 0.0 0.0
100 174.705879014191 -11.58312694231012 1.024745563189988 0.0 0.0
414 174.7065831883934 -11.55916651600803 2.935909983999191 0.0 0.0
388 174.6993032128479 -11.56074988534067 0.5045154985462126 4.85082739336414e-17 1.58009135546136e-17
87 174.6982525974378 -11.58383708586373 0.6138789211101906 6.2036299725574e-17 2.65855696989718e-17
133 174.7016487665906 -11.58111782877677 0.9624939284077975 0.0 0.0
43 174.7032670090482 -11.5874559103173 1.272117156567788 0.0 0.0
104 174.695797507172 -11.58296675444058 0.9123867316269985 0.0 0.0
380 174.6818472479494 -11.5612013319056 1.128336859191956 0.0 0.0
49 174.7101376828145 -11.58724431317257 1.333306515332697 0.0 0.0
427 174.6994822529 -11.55739583389015 0.8827319675629121 0.0 0.0
144 174.6844988680455 -11.58043265375446 1.02027723693274 0.0 0.0
163 174.6945005647743 -11.57879420761521 0.5876226163479783 5.68081516193723e-17 3.22990007863487e-17
119 174.7023967446133 -11.58224537209028 2.050603194284196 0.0 0.0
91 174.6996639322391 -11.58374569821249 1.523636755861117 0.0 0.0
312 174.6849288673548 -11.56548193686868 1.367680104836112 0.0 0.0
371 174.6877206249653 -11.56168182659876 0.5246580325149411 3.57581976569636e-17 1.62008302669769e-17
182 174.6951600242993 -11.57752855365052 1.607416182946223 0.0 0.0
63 174.7050497539085 -11.58559468279479 1.212273251580576 0.0 0.0
370 174.6878344873994 -11.56177708533569 0.6921185032559055 3.39002647103569e-17 2.05672511759733e-17
331 174.7048134044002 -11.56434409652988 1.974978473237168 0.0 0.0
301 174.6822067138633 -11.56670644159032 1.196598524531678 0.0 0.0
392 174.7075740650263 -11.5604091529814 1.061766544829755 0.0 0.0
337 174.6940843186774 -11.56409172012248 1.313394378043658 0.0 0.0
356 174.6913086322795 -11.56408154343675 1.449360635252589 0.0 0.0
189 174.7175558858384 -11.57717096226165 0.6749414088422356 0.0 0.0
193 174.7029767838615 -11.57699951697903 0.629112412870962 2.70854942127742e-16 3.87374449730789e-17
268 174.7039632878076 -11.5697478081598 0.6196895460504829 1.42029939493994e-16 2.91702541509656e-17
328 174.6816771552454 -11.56445651520971 0.19572813359226 5.98775108540266e-16 3.72003187872545e-16
106 174.7071721959162 -11.5827571128682 1.070472023407493 0.0 0.0
355 174.6916298016136 -11.5640805374663 1.124508068534916 0.0 0.0
26 174.7028004909913 -11.58880181859753 0.9822566814596079 0.0 0.0
374 174.6775744782093 -11.5617729938377 0.6532749715594542 6.13304057733574e-17 1.23053989577631e-17
286 174.7055375915346 -11.5684357825157 1.055344214876696 0.0 0.0
