445 174.5566265949186 -11.55373904671627 3.160288210174801 0.0 0.0
194 174.5640826834735 -11.57266678990205 0.4854351947554036 2.66406507126242e-15 3.18130878988361e-16
261 174.5649528651203 -11.56817573140599 1.981740959718739 0.0 0.0
450 174.5577450727871 -11.55337115587907 0.1854654536818671 0.0 0.0
37 174.5681002021643 -11.58482917167889 1.261913129777791 0.0 0.0
435 174.5590614387867 -11.55478894954446 1.133745469559651 0.0 0.0
328 174.5603964665789 -11.56274267677267 1.531734306500098 0.0 0.0
282 174.5638333447181 -11.56652650404441 3.032610967843441 0.0 0.0
306 174.5530624198222 -11.56471753596268 0.5516721303526585 1.70214172749025e-15 8.84282146693068e-16
362 174.5320473137231 -11.56087026318587 1.098475466195484 0.0 0.0
324 174.5457985580788 -11.56326612057955 2.340429973844241 0.0 0.0
393 174.5656690484011 -11.55873821048204 0.2751469559622987 7.30696826838856e-16 3.45128411574343e-16
437 174.5613901124565 -11.55446983717509 1.136249073037873 0.0 0.0
7 174.543783706161 -11.58963946553916 0.6869904254567084 0.0 0.0
318 174.5560240463167 -11.56390998874488 0.4798732883121242 2.1880179838146e-16 9.68601514778196e-17
439 174.5665983515476 -11.5543651793663 1.296370730771302 0.0 0.0
371 174.5422937105757 -11.56066027929756 1.184492995078059 0.0 0.0
30 174.5689077337378 -11.58552977281111 2.10072842983563 0.0 0.0
93 174.5614242537136 -11.58005786665322 1.251427772728678 0.0 0.0
116 174.5562633752793 -11.57898117832565 1.051125150873581 0.0 0.0
