38 174.3851598902382 -11.43663623464666 0.8854984693373084 0.0 0.0
110 174.3925449002428 -11.43261312123971 0.7227719583904232 1.34201477928802e-15 8.17267411710569e-17
76 174.4051447731918 -11.4341589061379 0.807332463509258 0.0 0.0
375 174.4063729440254 -11.41694663175247 1.04995162025875 0.0 0.0
476 174.3831406070509 -11.40954207986698 0.7727999254927007 3.33025141504954e-17 2.17574830070865e-16
469 174.3918777779505 -11.40993878011477 1.007754443230457 0.0 0.0
20 174.3864538716166 -11.43867468586582 2.092746384765789 0.0 0.0
304 174.3994466596052 -11.42105428997564 0.9499629848279776 0.0 0.0
402 174.4030611156093 -11.41464328952565 0.6288856332874168 4.68771579697349e-17 1.39325328582742e-17
531 174.4042442347586 -11.40521703420418 0.6544754658232856 0.0 0.0
79 174.4012752629413 -11.43422985433346 1.108704418050347 0.0 0.0
220 174.3955590232068 -11.42655115409957 0.48186250669657 3.83614097900067e-16 2.01723742464548e-17
500 174.3922662222584 -11.40793968955677 0.4935386163796979 3.71105827049459e-17 1.03212013552332e-17
90 174.3823515863708 -11.43316954350027 1.404137262148093 0.0 0.0
357 174.3774718013917 -11.41772258430376 0.9207428630892333 0.0 0.0
19 174.3913217710831 -11.43874181079766 1.302134419274241 0.0 0.0
526 174.3972358603212 -11.40514943420039 1.291945442477571 0.0 0.0
291 174.3801925696685 -11.42173627690374 0.5891337529520686 2.15592215908055e-17 1.53327862892662e-17
211 174.3994352303366 -11.42723125794722 0.4653354551205885 3.24638107227302e-16 3.09734826637827e-17
301 174.4020979836569 -11.42121898075992 1.579984802618415 0.0 0.0
279 174.4071530192497 -11.42242507351886 1.075670092498356 0.0 0.0
530 174.3985805569493 -11.4047581688284 0.4692045358259244 4.86790027589804e-17 1.25250264330648e-17
270 174.3750451150402 -11.42357717462334 2.108532765378863 0.0 0.0
179 174.3935634977031 -11.42882586360008 0.2552762545968368 0.0 0.0
81 174.3850324229522 -11.43413020206733 1.016330300883962 0.0 0.0
40 174.3800951043082 -11.43672417441674 0.7544501960084957 2.63491814421264e-16 5.65392458501153e-17
287 174.3865402117895 -11.42191578813061 1.343778143960866 0.0 0.0
268 174.3823370434874 -11.42306587958721 0.783862394488037 1.10163056465026e-15 2.48079531883289e-15
294 174.3948015446979 -11.42158859951107 1.347500339668896 0.0 0.0
202 174.4062929983374 -11.42734280106852 1.072245787190867 0.0 0.0
103 174.4107070621186 -11.4325385511169 0.1841486316461526 4.99953752550406e-16 4.33080872999186e-16
535 174.4036392385616 -11.40358535429932 3.011315352555882 0.0 0.0
169 174.4026878048406 -11.42906024280294 0.9915943284336045 0.0 0.0
440 174.3959295317488 -11.41186118018831 0.9172683124352806 0.0 0.0
120 174.3944031016146 -11.43216918891276 3.238175304780178 0.0 0.0
238 174.3968155591342 -11.42505331425079 1.298953486091906 0.0 0.0
192 174.4095799990695 -11.42789833450627 1.505690561215949 0.0 0.0
35 174.3778032682798 -11.43738425113652 1.410309610435367 0.0 0.0
387 174.4032471770255 -11.41566649742441 0.1406252964122317 0.0 0.0
17 174.3933442886135 -11.4387417853343 1.084038899059456 0.0 0.0
221 174.3894439536455 -11.42629683923528 0.7010964698130399 7.90364039191139e-17 9.67559378085089e-18
456 174.3736560741497 -11.4106686952778 0.6220697183347776 0.0 0.0
89 174.3832273870654 -11.43370846427581 0.455145326470121 4.21289252283107e-16 3.75578283769009e-17
390 174.3832404261962 -11.41573971789055 0.994161239235971 0.0 0.0
389 174.3902505763257 -11.41567379310414 0.1482563051288944 0.0 0.0
148 174.3763242066184 -11.43165628402495 0.4836814026919966 8.84206251134829e-17 2.24418196078428e-17
188 174.3809069957962 -11.42823092324352 1.982026071536858 0.0 0.0
333 174.3999449578857 -11.41963848888994 1.05112198193348 0.0 0.0
447 174.3805034189627 -11.41135049921215 1.372554879124447 0.0 0.0
49 174.3800433216739 -11.4360300482541 0.894603687196876 0.0 0.0
52 174.3900035330413 -11.43592288993766 1.898746425902727 0.0 0.0
108 174.4067198285541 -11.43242971851589 0.574354791715171 4.33940827945576e-17 1.66374571450171e-17
495 174.3742889644526 -11.40797032040243 0.5827557587218202 9.77699991002854e-18 1.55372138929888e-17
84 174.3974059442158 -11.43378697420034 1.257298563110346 0.0 0.0
449 174.4023830590093 -11.41134117591782 0.9243433074712526 0.0 0.0
69 174.4074800978282 -11.43485486502177 0.6702286162344335 3.79522945529982e-18 2.06189793935219e-17
56 174.4047607977093 -11.43615376443678 0.9870113361749624 0.0 0.0
27 174.3947108762064 -11.43763763768188 1.366405766609612 0.0 0.0
336 174.3847432954576 -11.41980351831789 0.2513733840612126 3.95509280129995e-16 8.66116397949681e-17
467 174.3816184648932 -11.41002386635891 1.402585754477042 0.0 0.0
212 174.3949577603942 -11.42674544528461 0.5439930135011993 4.1704330093066e-17 8.84749433345565e-18
419 174.3860174123242 -11.41404297872032 1.204581318636683 0.0 0.0
14 174.3771582278328 -11.43914008675799 1.622403907729494 0.0 0.0
36 174.3932101684344 -11.43679038448906 1.992307227670383 0.0 0.0
145 174.3833826658515 -11.43080441717792 0.1787319814102938 0.0 0.0
60 174.3834089942073 -11.43511586477957 0.6937751294916696 2.73279740301291e-16 2.05985225277284e-17
59 174.3959217567805 -11.43512264676444 2.069695793987098 0.0 0.0
430 174.3854221690634 -11.41277284334384 0.91905144779871 0.0 0.0
515 174.3947025701905 -11.40642653381823 1.374947675611508 0.0 0.0
141 174.4089584544309 -11.43195203682793 2.87260954480087 0.0 0.0
264 174.3782537169629 -11.42339046249369 0.7938488077911618 5.76718699873655e-13 7.33075896086886e-13
251 174.3943770368876 -11.42410299429988 0.5323241363062845 1.47827325581198e-16 1.13343715859718e-17
345 174.4012916407459 -11.41893161180663 0.6237849304580154 5.29390863088233e-17 8.97841495964838e-18
302 174.4029117263456 -11.42128989425882 0.7364685710348929 2.64023639321877e-16 2.5231928990563e-17
445 174.3995178234491 -11.41163013701292 1.237113332560318 0.0 0.0
350 174.4025030418389 -11.41825518668258 1.836996313862988 0.0 0.0
475 174.3807052819872 -11.40966632353265 0.5510774720800615 3.08516495769631e-17 1.49391016920849e-17
30 174.3769502338698 -11.43716190991878 1.124050946589385 0.0 0.0
92 174.3849602577644 -11.43311568197485 0.6705431375625072 0.0 0.0
288 174.4058500203969 -11.42192698234585 1.083016711044902 0.0 0.0
323 174.3933523303711 -11.42025344361155 0.6939801182117148 4.12012494364891e-17 1.34706263739102e-17
354 174.3808700744215 -11.41822688288033 0.3614523149963647 1.35512381090408e-16 4.51788896092815e-17
376 174.3972408638703 -11.4165946977946 1.213711453140121 0.0 0.0
453 174.4012385526086 -11.41089727170035 0.6436223676459117 0.0 0.0
437 174.3821641780991 -11.41234761428927 0.3568767689214955 9.39067869236768e-17 2.50783624176129e-17
47 174.3802549771416 -11.43624919283105 0.8945464026618976 0.0 0.0
317 174.3865501616749 -11.42068210030287 0.7657926328697391 0.0 0.0
322 174.3884354372169 -11.42027688044332 1.032303491007685 0.0 0.0
540 174.402354388252 -11.40297691935373 0.789988520846156 0.0 0.0
224 174.3934427262179 -11.42629310121734 0.8135099552674028 4.18172273586918e-11 2.14210270382401e-11
367 174.3892631803054 -11.41708311008653 0.6937525944676948 1.77323768510282e-17 6.75542826134934e-18
12 174.3849180531733 -11.43960377047086 0.8555219495728824 0.0 0.0
276 174.3838519739126 -11.42247084183565 1.406294301515266 0.0 0.0
492 174.4009773990674 -11.40848449471013 0.9448346965967295 0.0 0.0
198 174.405587845839 -11.4276684488587 1.286730249929055 0.0 0.0
244 174.3986520757309 -11.42453047324545 0.5760779867992916 1.02303256239942e-16 2.07357028228008e-17
434 174.4047795751929 -11.41268728778362 0.2966347640891455 5.11650794468562e-18 5.01470149692161e-17
33 174.3941723987314 -11.43748336379283 1.339046944417275 0.0 0.0
506 174.388698122206 -11.40743123311384 0.6763035101767981 1.69850904105091e-16 2.02390399183462e-17
299 174.3891981233295 -11.42133345859715 2.497006672774107 0.0 0.0
5 174.3812403967004 -11.44076565964805 1.883653023293593 0.0 0.0
21 174.3866792006528 -11.43854179562028 1.392313434083164 0.0 0.0
313 174.3925862030857 -11.42064014239753 2.175118599428827 0.0 0.0
136 174.3862915031126 -11.43121448667705 0.6980609508970738 8.63800075739064e-17 9.68007208823332e-18
364 174.4002319547887 -11.41728643166848 0.5540990249025407 3.02133769826465e-17 1.38560852314674e-17
400 174.3730822702762 -11.4146189983551 0.968719793500639 0.0 0.0
174 174.4099730651461 -11.42890728962735 1.320898270198593 0.0 0.0
86 174.410411432454 -11.4335960072666 0.5857529012910797 0.0 0.0
311 174.3943247240198 -11.42154203294552 1.332406582913694 0.0 0.0
6 174.382599207678 -11.44088980338852 2.118671237204228 0.0 0.0
474 174.3903791154473 -11.4097285778676 1.086040213786833 0.0 0.0
532 174.4056457939735 -11.40555098111931 0.9475080759560767 0.0 0.0
22 174.3799795205715 -11.43819248785191 0.689908498665805 0.0 0.0
189 174.4090915088019 -11.42812034557372 1.144474317787375 0.0 0.0
525 174.3896018201314 -11.40513938152581 1.303434076285733 0.0 0.0
438 174.4051894106751 -11.4122639802097 1.033802261304761 0.0 0.0
255 174.386140082312 -11.42355570982865 0.5090428901480599 5.76652205830574e-17 1.13512490197806e-17
152 174.3878772775524 -11.43047421715289 0.6985714587424471 8.53671496423327e-17 1.33394133432062e-17
326 174.3962386201037 -11.42030677573758 1.305459855598589 0.0 0.0
142 174.4086440598368 -11.4313027599876 0.6353424432163075 0.0 0.0
146 174.3772022848491 -11.43107303797965 0.8532332197149348 0.0 0.0
171 174.3943554734589 -11.42903377576961 0.4525320282460475 1.07088042872182e-16 2.55915951697469e-17
286 174.3748817108383 -11.42196139561928 1.003604756816181 0.0 0.0
378 174.3808223273946 -11.41651171884452 0.4822185352275289 1.73905252047293e-16 2.87433768894128e-17
274 174.3749056355112 -11.42268655557414 1.462084354229378 0.0 0.0
70 174.3881353846496 -11.43471154308447 0.1329870167277495 0.0 0.0
180 174.3870422022265 -11.42860244813056 0.9969891405211039 0.0 0.0
144 174.3834792220984 -11.43099567710617 0.6541673995531488 0.0 0.0
154 174.3799623422704 -11.43036780484709 1.486515736011852 0.0 0.0
478 174.4066490259193 -11.40941214040988 0.7075240561536331 0.0 0.0
150 174.3810889894754 -11.43047259171806 1.322360471733602 0.0 0.0
121 174.3804658227353 -11.43226727752957 0.8723733363159247 0.0 0.0
324 174.40377139007 -11.4203229385521 0.6880881813112781 9.26788650312884e-17 1.40579447126451e-17
329 174.3742081497608 -11.41991924900126 0.1214899587343115 0.0 0.0
163 174.3821294972578 -11.42930140123472 0.4810579203771996 1.01293501365214e-16 1.58314872322519e-17
541 174.4046453151936 -11.40262279791068 1.137944549435844 0.0 0.0
460 174.4072649687612 -11.41044819784005 0.756444089317297 0.0 0.0
423 174.3821029795871 -11.41386720879916 2.47736424595129 0.0 0.0
34 174.3941714293625 -11.43714793490651 0.6457867861574212 1.85300982271549e-16 1.32997282288549e-17
172 174.3994462294263 -11.42903357326874 1.077219488091577 0.0 0.0
109 174.3922137797185 -11.43313641840005 0.4957512973296325 5.69739398082603e-17 1.81032381141946e-17
117 174.3831691785788 -11.43208054918775 0.7510530342987298 7.00530601495144e-17 1.76120596518188e-17
4 174.3814369288266 -11.44071764470278 0.8627644116939683 0.0 0.0
522 174.3950323486818 -11.40544137394232 1.280822138469368 0.0 0.0
281 174.4002295990473 -11.42265042441018 2.88991099052321 0.0 0.0
80 174.3846069029396 -11.43405701019615 0.9724046666817892 0.0 0.0
170 174.4111021399594 -11.42908818715623 0.5789138759475467 0.0 0.0
62 174.407914322244 -11.43562362600886 2.462582950943121 0.0 0.0
28 174.3980692007612 -11.43769168024085 0.6335039880849526 1.78227219925765e-17 1.81067267267178e-17
312 174.3940328754668 -11.42109067104362 0.9054488922069467 0.0 0.0
3 174.3844967415683 -11.44085636989913 0.9514191132539642 0.0 0.0
48 174.380093898407 -11.43621497544778 0.6423901089967593 0.0 0.0
161 174.4031700765084 -11.42978906625105 1.787630255499771 0.0 0.0
523 174.4025585403027 -11.40521680188855 0.545136579114215 4.1674297879657e-17 1.13945871018448e-17
448 174.402520390193 -11.41139923637562 1.593537071682875 0.0 0.0
455 174.3907754726683 -11.41090522326212 0.2388726088052401 0.0 0.0
316 174.3888594941186 -11.42079985968139 0.2304789998675427 2.39117209746192e-16 3.70623097030877e-17
241 174.3954013049166 -11.42466994270773 1.64195472846118 0.0 0.0
31 174.3793648136971 -11.43729374297705 1.884048295298027 0.0 0.0
395 174.3908386789049 -11.41532729101958 1.301592274237998 0.0 0.0
516 174.3852246231675 -11.40642394085913 0.6862262245203241 3.12794717853885e-17 7.76105651595053e-18
393 174.3968655966976 -11.41545701930436 1.258312817163191 0.0 0.0
63 174.4087233162425 -11.43543481634908 1.380668452395879 0.0 0.0
2 174.3787756246112 -11.44109609870515 1.190092815679002 0.0 0.0
11 174.3779230595606 -11.43995214620671 0.7214067523862959 0.0 0.0
143 174.3783942956574 -11.43085317294695 2.299183429148504 0.0 0.0
405 174.3763948245021 -11.41484243360433 0.2607379749267487 2.51641218081243e-16 3.00753051915623e-17
119 174.394405022765 -11.43262387255882 1.067035454259419 0.0 0.0
216 174.3947337376383 -11.42652786623435 0.6157776814872383 1.68013091702754e-17 7.75089029734611e-18
190 174.4089010377449 -11.42798231678982 0.3089208886112666 6.69514046184717e-17 2.33816210034643e-17
147 174.3767418550881 -11.43114794770054 0.9144647654060423 0.0 0.0
480 174.3785736512411 -11.4093299764836 2.105474200761016 0.0 0.0
29 174.3804887904565 -11.4373749121593 2.07628462868099 0.0 0.0
24 174.3945993384486 -11.43791253978325 0.6617587080122952 4.02739372274661e-17 1.10163507621349e-17
443 174.3820519208156 -11.41189369472413 1.835242118876148 0.0 0.0
165 174.4092404256498 -11.4291967159743 1.092301293786738 0.0 0.0
57 174.3937617556902 -11.43513224100674 0.8908712704896867 0.0 0.0
122 174.3799522415022 -11.43229740417279 0.6042828570416758 0.0 0.0
358 174.3731549151645 -11.41770374564392 0.8484815906254001 0.0 0.0
269 174.3954026571301 -11.42300627653909 2.113843241132851 0.0 0.0
