236 186.9725786896533 -11.60677543841829 1.877818555106965 0.0 0.0
473 186.9991454383381 -11.58929768891977 1.233392521016869 0.0 0.0
491 186.9678533750368 -11.58860047408664 1.262394319292558 0.0 0.0
449 186.9650389330785 -11.59090874108361 1.139907720660084 0.0 0.0
452 186.9826942142999 -11.59052446145007 1.075051486648838 0.0 0.0
529 186.9946504064079 -11.58596840232671 0.6429402466665027 0.0 0.0
253 186.9931837036008 -11.6052345421423 0.2680183043568349 5.93338000502302e-17 2.41687509754948e-17
69 186.9696525839243 -11.61942693455555 1.189553046429006 0.0 0.0
326 186.9890455125496 -11.60030627865211 1.210457320238971 0.0 0.0
340 186.9961124739248 -11.59942717748689 1.381127629846184 0.0 0.0
252 186.9682723772201 -11.60541349170539 0.7078865401953559 4.04556735869639e-17 1.07688303643586e-17
296 186.9953950189839 -11.60270281930648 0.9763683643757417 0.0 0.0
461 186.9819725710292 -11.59014386508793 1.403690876159308 0.0 0.0
509 186.9670716615944 -11.58688508108722 0.1175580663337411 0.0 0.0
114 186.990719530984 -11.61594596838907 0.6885464215639633 1.27479386303327e-16 3.00989465639083e-17
370 186.9907504770732 -11.59793686047611 0.251679084176362 6.31810008940361e-17 2.95045919908085e-17
195 186.9947228108213 -11.60943009466548 0.5443660117898297 1.18009691251028e-16 1.29104100075399e-17
210 186.9661955822678 -11.60855190785492 1.392530791760415 0.0 0.0
209 186.9809824190654 -11.60848768948043 0.7273844416728129 3.85478546124199e-17 9.88890822711948e-18
547 186.9935880990636 -11.58446203130528 1.043127964890783 0.0 0.0
123 186.9964948198466 -11.61506965164765 1.421428590522609 0.0 0.0
200 186.9710127974294 -11.60919565293915 0.546957439023065 1.77058727682981e-16 2.63987569058865e-17
197 186.9845467910575 -11.60954400373891 0.6007001024647014 1.43529435156586e-16 3.53823621943525e-17
487 186.9718550951115 -11.5886563103025 1.168879624279075 0.0 0.0
435 186.9761930171676 -11.59209367321636 1.019940672119191 0.0 0.0
133 186.9820815588758 -11.61455757712579 0.2864124772113332 3.50512663123352e-16 7.08706131245474e-17
89 186.9897827860363 -11.61723568143969 0.5441538880072498 8.05175295729365e-17 1.4227522138741e-17
533 186.9986776007226 -11.58533119627903 1.056146992732287 0.0 0.0
303 186.9713733861291 -11.60179705165196 1.57551485749225 0.0 0.0
98 186.9715164866945 -11.61692458218627 0.845822206476731 0.0 0.0
465 186.989769444207 -11.58982597815418 1.381856712012966 0.0 0.0
404 186.9853804649568 -11.5949366832343 1.881627548455137 0.0 0.0
247 186.9957558417418 -11.60570954531556 0.5469594744975417 1.20189518575108e-16 1.4074848837995e-17
240 186.9834015654135 -11.6065496578919 0.7052944926174352 7.60126084649923e-17 1.87439506945608e-17
548 186.9822226818562 -11.58434974895576 1.010970157977297 0.0 0.0
544 186.9801580468406 -11.58475613962182 1.365388194445157 0.0 0.0
368 186.9666757578013 -11.59805744305286 0.55572048560652 2.53237316826866e-17 8.83814324329425e-18
90 186.968325499105 -11.61719482725231 0.9140030915204541 0.0 0.0
517 186.9702457791348 -11.58641791921674 0.5868850540691382 0.0 0.0
351 186.9878873973612 -11.5989342589299 0.6348635014231627 2.18856380917176e-16 1.69188831912805e-17
250 186.9793870091922 -11.60555160759692 0.5439867902211395 4.78252034534109e-17 1.31190996681075e-17
530 186.9905791944937 -11.5858822008219 0.5573975608674145 6.43025835817216e-17 1.78632332344333e-17
335 186.9793969255347 -11.59966548401388 0.4266552173930903 1.07441898804272e-16 2.02813333302044e-17
522 186.9801973726578 -11.58624997749303 0.1264435160344478 0.0 0.0
334 186.9792525841425 -11.59976588402792 0.6360414046833189 2.0243346492009e-16 1.34634105139031e-17
357 186.9738726807646 -11.59834371217771 0.5761855249387883 0.0 0.0
457 186.993833332994 -11.59046400384607 2.068614453153473 0.0 0.0
499 186.9681948724639 -11.58777384877734 0.5409151262045702 2.82970510299052e-17 2.15324460250102e-17
485 186.9876762595424 -11.58887026072334 0.6393390290945458 0.0 0.0
536 186.9750632271604 -11.58522324175679 1.284929311360286 0.0 0.0
224 186.9813600252678 -11.60734494507311 0.7087994361007947 5.40147584001052e-17 1.3830578795981e-17
134 186.9889504092992 -11.61405745675059 1.581456986356242 0.0 0.0
511 186.9953564830258 -11.58729640016034 1.766658259842334 0.0 0.0
137 186.9881143056215 -11.61389109626455 1.074319670348766 0.0 0.0
486 186.9917103511717 -11.58876710434064 0.7370449673260675 5.13269276010089e-17 1.12145287166379e-17
472 186.9990184932838 -11.58944407908492 2.013416782273144 0.0 0.0
521 186.9668838919631 -11.58630782511854 0.5679322784549052 5.24349129036578e-17 1.88068946830236e-17
290 186.9693742796827 -11.60252767672235 1.093429832517488 0.0 0.0
518 186.9940804598956 -11.58636415944405 2.063109181537979 0.0 0.0
309 186.9754652877928 -11.60160593863835 2.044399910435052 0.0 0.0
542 186.9843956746137 -11.58482882786504 1.010902716015774 0.0 0.0
223 187.0016149846358 -11.60766227811589 0.5958890195078383 0.0 0.0
222 186.9837556305627 -11.60775744819122 0.6325135076673365 1.41174084085721e-16 2.16998646500306e-17
352 186.9880114111932 -11.59879354772225 0.6332129638277697 1.08539458224592e-15 3.33991864981707e-17
272 186.9872969035491 -11.60405645436555 2.11868579767809 0.0 0.0
500 186.9657616529962 -11.5875367770271 2.100204524210042 0.0 0.0
325 186.972688999856 -11.60024634683506 1.289981435316732 0.0 0.0
205 186.9953552398996 -11.60890582177434 0.5453367278936828 1.06231750582137e-16 1.60440853956146e-17
415 186.9997389038453 -11.59422063490357 0.671507356295087 0.0 0.0
289 186.9770299243836 -11.60272651886586 0.9652158238970932 0.0 0.0
418 186.9691787370834 -11.59386184563542 0.7078182915269469 6.48387639572656e-17 8.52301318179664e-18
515 186.9938790655212 -11.58682773449178 1.30308290422178 0.0 0.0
395 187.0000903093397 -11.59587868593384 0.6342553735578892 0.0 0.0
278 186.9691905233292 -11.60349855501973 1.677303850432049 0.0 0.0
429 186.9686173515163 -11.59280387061829 0.5124180458697215 3.58054367742696e-16 1.34193927760664e-17
215 186.994136038487 -11.6083393389764 0.6471016516749586 5.17137196152738e-17 1.48622639416322e-17
120 186.9856730994718 -11.61526874836865 0.6416874625130171 4.40371097392592e-17 1.45596243994807e-17
118 186.9880746807924 -11.61518593169946 1.244582976169638 0.0 0.0
419 186.9948207458585 -11.59386208829616 1.281947377247692 0.0 0.0
254 186.9879773519104 -11.6050813910755 0.6382471495269109 1.26954753167104e-16 1.81641533660538e-17
284 186.9678938481193 -11.60309466439359 1.194360321244071 0.0 0.0
249 186.9793427393712 -11.60579947077991 1.126188443813328 0.0 0.0
549 186.9807671468569 -11.58435430667848 1.931309503725584 0.0 0.0
505 186.9935219949767 -11.58726744936796 1.261168656374634 0.0 0.0
163 186.9968251628189 -11.61151253340721 1.441960010851807 0.0 0.0
128 186.9719759985353 -11.6147766091175 0.6374965516471289 4.49128801149983e-16 1.85637815106369e-17
332 186.9745432118797 -11.59984956694693 2.07349374083185 0.0 0.0
178 186.966758755156 -11.61041163650018 1.202705119683334 0.0 0.0
282 186.980278902307 -11.60344377947719 0.6775759176168493 3.68592723210279e-16 2.05607215039502e-17
106 186.9814140427206 -11.61619961310249 0.808963265505166 0.0 0.0
99 186.9786812388904 -11.61689954314689 1.047357509547843 0.0 0.0
319 186.9817907130934 -11.60058266042203 0.603264164577819 0.0 0.0
431 186.9881963117916 -11.59243024899447 0.5363714576512603 3.31250323056406e-17 1.22300450512193e-17
523 186.9650822479241 -11.58636096232456 1.303908150780844 0.0 0.0
295 186.9819700614217 -11.60252568790172 1.48425641751519 0.0 0.0
268 186.9940410581941 -11.60423706239786 1.446149117344126 0.0 0.0
95 186.9686345945213 -11.61700393517001 1.294330667860167 0.0 0.0
483 186.9690653240604 -11.58889658447499 1.191231408767523 0.0 0.0
424 186.9919562362161 -11.59359083775767 0.9491249844521238 0.0 0.0
292 187.0003107596453 -11.6027613206455 0.5595874532781693 0.0 0.0
327 186.9763059003728 -11.60036616204452 0.6809620654294883 5.00589394583182e-16 2.11203386648273e-17
399 186.9710361306556 -11.59528134930504 1.155169767250793 0.0 0.0
438 186.9992501619691 -11.59233411846683 2.664472376010129 0.0 0.0
305 186.9662975282189 -11.60169989323151 0.1970065400219203 5.38052093258263e-16 1.23109146019389e-16
193 186.9884658536401 -11.60949911303201 0.5276988958465237 6.64998831592785e-17 8.54629591173101e-18
130 186.9996790584028 -11.61465170520013 0.8341737050465935 0.0 0.0
79 186.9780548976556 -11.61829506843641 0.6419422022116035 0.0 0.0
365 186.9685787276978 -11.59810150671522 1.134645198372532 0.0 0.0
165 186.9869169915556 -11.61189181343161 0.5504265510618676 2.65567067935089e-16 2.5499627398289e-17
447 186.9789575010385 -11.59120062933147 0.362246028306653 7.58523394593429e-17 3.38748219355985e-17
141 186.9941659445377 -11.61340373687565 0.8231861461045887 0.0 0.0
142 186.9891160450968 -11.61332182730384 0.4714487774437043 7.63557753374829e-17 1.33459201171147e-17
171 186.9662035782461 -11.6111948609264 0.7831120490487679 3.27927073818072e-15 2.17069404931496e-15
294 186.9831376446087 -11.6023697115554 0.565688921861458 4.01403156247017e-17 1.21155964134415e-17
