201 187.0689333875383 -11.52737182251268 1.466190335909707 0.0 0.0
162 187.0797288254023 -11.53132722012794 1.909769976498817 0.0 0.0
100 187.0831751091325 -11.53401105455755 1.344347918899306 0.0 0.0
236 187.094952110961 -11.52534645177714 0.7588978885090263 0.0 0.0
423 187.0618753235267 -11.51317855073218 0.2337151734620584 3.80265073318663e-16 7.75567055285456e-17
205 187.0807210643234 -11.52737701064915 1.009330116960927 0.0 0.0
105 187.0597748077154 -11.53327645910334 1.047708119154982 0.0 0.0
189 187.0582863411717 -11.52815005338845 1.022080154049172 0.0 0.0
157 187.0596668410424 -11.52961410650537 1.158816779362144 0.0 0.0
397 187.064875920737 -11.51564101810538 0.7603987868034748 2.34117169856502e-16 3.14749205518594e-17
176 187.0688154119292 -11.52856321374209 1.118811037772223 0.0 0.0
262 187.0568910156737 -11.52413564635753 1.001697837854184 0.0 0.0
372 187.0719199672663 -11.51773208633477 1.10887482486342 0.0 0.0
340 187.0892996061271 -11.51996048346035 2.035465826524023 0.0 0.0
283 187.0592028847757 -11.52334787124835 1.177171970189144 0.0 0.0
148 187.0722503322178 -11.5304157277449 0.472142371084427 1.6731713549396e-16 2.74416371437666e-17
3 187.0728434560433 -11.54989072643012 0.7061796041622818 0.0 0.0
347 187.0614309001267 -11.51925997114913 0.8719077413905029 0.0 0.0
355 187.065810939538 -11.51879553569835 1.146137214758689 0.0 0.0
154 187.0555722672487 -11.52985414878165 2.116732343654494 0.0 0.0
357 187.0664518363559 -11.51879659383701 0.8674020927119931 0.0 0.0
450 187.0744749155442 -11.5053691957982 1.357919740313921 0.0 0.0
292 187.0862283137934 -11.52289414859408 1.056430437289308 0.0 0.0
435 187.0780595296299 -11.51115918416921 3.025807534290707 0.0 0.0
416 187.0791951996327 -11.51356195525003 0.6331905980293828 8.64522136202072e-17 1.08575628124e-17
8 187.0685522764036 -11.54584281190216 1.187770335896071 0.0 0.0
93 187.0784706927309 -11.53514695702213 1.216962359480603 0.0 0.0
121 187.0641362615125 -11.5321908440867 1.517791474701538 0.0 0.0
233 187.0658446548684 -11.52571126557179 0.7584919381627367 5.74845864069427e-16 1.15090936988511e-16
411 187.0593558359259 -11.51419120763803 2.112460454270176 0.0 0.0
115 187.0869162488421 -11.53289868175878 0.5697069803990341 0.0 0.0
225 187.0739235457478 -11.52589523479239 2.004299450147997 0.0 0.0
264 187.0650964225196 -11.52395232195253 0.3858058407532329 8.39104112556341e-17 3.09444913735159e-17
79 187.0807359316731 -11.53642295205488 0.9622065287274137 0.0 0.0
314 187.0624463600403 -11.52201287944928 1.04563466561322 0.0 0.0
261 187.0901038219349 -11.52424898722523 1.377750419555909 0.0 0.0
310 187.0503564847622 -11.52201313998307 0.4771712869570039 5.44733322672223e-17 1.34001753577187e-17
67 187.0699039508772 -11.53735517210603 0.7491095869674714 2.5498003882763e-17 1.53972680347612e-17
232 187.0540114459538 -11.52572932733727 0.9262358461034289 0.0 0.0
209 187.0585828006222 -11.52713150080435 2.181447411543651 0.0 0.0
425 187.0702676132794 -11.512328092982 0.4876012539597111 5.51478605882052e-17 1.45406053967713e-17
246 187.0745286638984 -11.52488393380264 1.871274982372348 0.0 0.0
159 187.0621289393435 -11.52965883963674 0.6426936601085802 3.46050457654442e-16 1.24461975156168e-17
452 187.0700897346618 -11.50517880201607 1.074766304271474 0.0 0.0
231 187.0769168159085 -11.52569722417588 0.6899343371640129 0.0 0.0
278 187.0604488739514 -11.52377132910675 0.6869931434683857 1.45308046991097e-17 2.87826700455426e-17
60 187.0595760890641 -11.53807001042202 0.3433178786422538 3.2860340897112e-18 3.08759375016725e-17
172 187.0520123469466 -11.52882797874006 1.053145415265028 0.0 0.0
216 187.0652806852452 -11.52696300986029 0.6707582823001329 0.0 0.0
66 187.0693075306061 -11.53738267336016 0.2988564137598531 5.48727725296944e-17 2.59241122578455e-17
30 187.0738521493729 -11.54177529063897 0.7173619412057878 9.69926849008609e-17 1.6620923939327e-17
413 187.0614351085554 -11.51405993230318 2.120435375546405 0.0 0.0
116 187.0865247958565 -11.53265056906844 1.001788416148863 0.0 0.0
81 187.0781907108658 -11.53613727399645 1.197988661462734 0.0 0.0
196 187.0635455890279 -11.52790256970793 0.6370339045755337 1.14817586499503e-16 2.58068658233162e-17
402 187.0594513458445 -11.51508811394523 1.025918256706877 0.0 0.0
114 187.0853975618338 -11.53263890680487 1.155613796389714 0.0 0.0
197 187.0860601199632 -11.52770840328134 1.054957525222185 0.0 0.0
179 187.0668940050833 -11.52844069781858 0.1440589671803865 0.0 0.0
448 187.0685572405038 -11.5076756509072 0.7725045116941733 0.0 0.0
445 187.0656586831483 -11.50857055709821 0.8843531067779884 0.0 0.0
193 187.0594238633091 -11.52789236827176 0.7361203446724801 2.47489395826304e-17 1.1555965219746e-17
206 187.0804125900654 -11.52755757652665 0.5337165204961115 2.79358499698362e-16 4.14342306119781e-17
287 187.0595965951709 -11.52315290167127 0.4577410370970005 4.50007419360133e-17 1.57097132543508e-17
381 187.0613508217344 -11.51679449119416 0.2980710363241952 7.47280910914851e-17 1.517263873127e-17
268 187.0684116265348 -11.52374411105428 1.12025522221691 0.0 0.0
21 187.0714134084991 -11.5429919602891 1.381711419547791 0.0 0.0
147 187.063707295655 -11.53068472836316 3.285812631974742 0.0 0.0
155 187.0609777239692 -11.52988576643713 0.4899735578305072 1.04971965627389e-16 1.44908057665165e-17
132 187.0563519062433 -11.53150294082282 0.5199586405811086 1.14005627420007e-16 2.06502067575317e-17
350 187.0682224021122 -11.51927422231501 0.6311961138335271 1.50852982946125e-16 1.47649307096333e-17
308 187.0527294139084 -11.5220598869002 2.110569656777632 0.0 0.0
200 187.0903324622605 -11.5276110681105 3.044570201573297 0.0 0.0
245 187.0574397901421 -11.52484985816464 1.361257883822129 0.0 0.0
422 187.082666599025 -11.51305564674753 0.4097361858959758 6.93958491252802e-17 2.14921094454962e-17
222 187.0912590671605 -11.52596668927444 1.717327119088107 0.0 0.0
166 187.0858424508961 -11.52901887085642 0.6244461774025579 8.97479611450253e-17 1.21971530610632e-17
221 187.0810537079468 -11.52630599535662 0.3411995085226977 2.20647720948902e-16 4.50709050463127e-17
454 187.0728169388238 -11.50397078607725 0.6309745580165071 5.85162540011059e-18 1.41002130149292e-17
297 187.0537061692037 -11.52267227092062 2.023249241633924 0.0 0.0
141 187.0855140910756 -11.53089375815171 0.4916154674346487 2.62953236622468e-16 3.91398453368116e-17
218 187.0779873413294 -11.5267947837437 2.909217843620923 0.0 0.0
12 187.0727525970444 -11.54480298066457 1.013073447557676 0.0 0.0
168 187.0543268558566 -11.52913349314524 1.129653546205308 0.0 0.0
69 187.0677361441608 -11.53727760449582 0.6037530168875282 7.25864671444547e-17 1.22028733037083e-17
122 187.0819257887449 -11.53228175396051 1.626920142078559 0.0 0.0
145 187.0779332098235 -11.53063947773278 1.094811691192362 0.0 0.0
55 187.084043186718 -11.53845203296523 0.1967554262958035 5.12629687011428e-16 1.19769848724437e-16
161 187.0796994704531 -11.53146579246914 0.3149360823951406 7.68433087864234e-16 1.39005489738864e-16
430 187.0610397742739 -11.51181558490044 0.339271147524674 5.79899768760064e-17 2.2571957679966e-17
289 187.0673401359471 -11.52329047207299 1.337106009028246 0.0 0.0
341 187.0678977526548 -11.51999023077046 0.8796116152153074 0.0 0.0
288 187.073882519657 -11.5231347822959 1.41112891131003 0.0 0.0
438 187.0783197273644 -11.51063149111337 2.129536618763182 0.0 0.0
451 187.0734799187294 -11.50507324651528 0.8872032937914552 0.0 0.0
374 187.069976373167 -11.51766690860589 1.376204136499472 0.0 0.0
234 187.0614282849174 -11.52573340857971 0.6811905426036206 2.11672406037231e-16 1.69232743767291e-17
108 187.0787904063588 -11.53292450738684 0.987523468312463 0.0 0.0
182 187.0542320330026 -11.52838571121613 1.27285397454604 0.0 0.0
144 187.0682004223762 -11.53053955388317 1.236788113011464 0.0 0.0
235 187.06138949526 -11.5254269196464 1.24134178019331 0.0 0.0
427 187.0661321961998 -11.51234019866696 1.284196732269815 0.0 0.0
34 187.0635639447619 -11.54088335374542 0.5871584619916851 3.19774170066274e-16 4.7396086346459e-17
412 187.0640872572559 -11.51402125418961 1.351264202551114 0.0 0.0
295 187.0633979545349 -11.52288046899488 1.509000217030449 0.0 0.0
307 187.0905831746397 -11.52238182049893 0.8131638984106598 0.0 0.0
247 187.0676747308109 -11.52493201923433 0.5311704537762947 1.71751485487666e-16 1.78904964943782e-17
447 187.0652077426572 -11.50813546990855 1.143513669840095 0.0 0.0
92 187.0571147023828 -11.53514049304948 0.5612000153519766 1.13946398760662e-16 1.84348080055958e-17
203 187.0674238457867 -11.52740252707288 1.028704780803715 0.0 0.0
365 187.0578207789498 -11.51831932647751 0.6483274966150473 1.25350087657939e-17 7.18302279988686e-18
173 187.0535808735232 -11.52904780533228 0.316895026275146 8.26271518903525e-15 4.60127992151384e-17
294 187.0685830549316 -11.52277805664878 1.198481601934463 0.0 0.0
456 187.0692269961362 -11.50327580034287 1.135550145209258 0.0 0.0
239 187.0644328219766 -11.52521421003262 0.6241231899238657 6.43341653176352e-17 1.11594052515569e-17
83 187.0739349322693 -11.53612877162711 2.422204558488919 0.0 0.0
213 187.06077257612 -11.5269228795578 1.21310511577789 0.0 0.0
54 187.0608817749423 -11.53846194070862 1.406900507868868 0.0 0.0
223 187.0602328929308 -11.52626979207262 0.6244544051072836 2.05091279703405e-16 3.35376298015167e-17
316 187.0601576409664 -11.52178631137146 1.25947815460029 0.0 0.0
320 187.0776487996529 -11.52149410810529 0.653083953738798 0.0 0.0
194 187.0576326436521 -11.52784577095275 0.755532172412828 5.4215961901269e-17 2.14974612339805e-17
99 187.0563410092095 -11.53397154713845 0.6632372930506238 1.2586847132799e-17 7.37211315479406e-18
339 187.0840165429881 -11.51995195223327 0.7988956027472803 0.0 0.0
258 187.0842626554017 -11.52479022713105 0.5123774114546525 4.13684914725282e-16 2.86788839984208e-17
75 187.0846325762123 -11.53701318876262 1.197814706498998 0.0 0.0
163 187.0815005940345 -11.53052946415589 2.032361798652524 0.0 0.0
449 187.0683357825129 -11.50638872673106 0.642551114898668 3.77492403458348e-17 7.49943364908066e-18
376 187.0647629190164 -11.51759842025408 1.951044917617866 0.0 0.0
16 187.070310039472 -11.54382270743692 2.598108989418556 0.0 0.0
88 187.0564945009005 -11.53550712868471 0.7506899669729694 0.0 0.0
