181 186.9632768380151 -11.66289084992546 2.352896538872201 0.0 0.0
391 186.970769458481 -11.64701326417569 1.283747206401418 0.0 0.0
115 186.9712622064123 -11.66727359319515 0.597379822102839 5.52397422216591e-17 8.05033218292717e-18
407 186.9716358299243 -11.64479885799373 1.197672482080314 0.0 0.0
44 186.9596001734716 -11.67502400101312 1.04562788202302 0.0 0.0
305 186.9651502195618 -11.65546787610438 1.258042683168705 0.0 0.0
41 186.9684082353496 -11.67522626932267 0.7895522691240658 0.0 0.0
403 186.9624609307305 -11.6452238133056 1.167123012978869 0.0 0.0
309 186.9807069781193 -11.65508162075385 0.6357742178343871 3.79190779392894e-16 1.54682982854846e-17
168 186.9742180608081 -11.66318667056505 0.5753583264936653 1.70499860632136e-16 2.46497626152326e-17
413 186.9693485118138 -11.64409494472905 1.583880048802451 0.0 0.0
78 186.9749823108052 -11.67080855540455 0.7807394980179446 0.0 0.0
322 186.968018927583 -11.65311504106928 1.097504814507386 0.0 0.0
111 186.9674733724319 -11.667971251512 0.6472661949694029 3.87390244387383e-17 1.31913484970971e-17
462 186.9677357481498 -11.63623401292484 2.015192103302853 0.0 0.0
444 186.9713875826911 -11.64023151357007 1.142688620870434 0.0 0.0
156 186.9731291880545 -11.66424032518796 1.226626576328839 0.0 0.0
373 186.9711880813273 -11.64785649193185 1.073564928801465 0.0 0.0
38 186.9754657555524 -11.67598122496994 1.10814010553801 0.0 0.0
57 186.976237378219 -11.67324716058132 1.520317494850023 0.0 0.0
423 186.9701285863035 -11.64342931677985 1.27666952329823 0.0 0.0
442 186.9671057734708 -11.64059617497489 2.103395098901733 0.0 0.0
69 186.9732965926575 -11.67222704023371 1.258809398913863 0.0 0.0
244 186.9688498294908 -11.65950576986641 0.4527974260422633 3.98618279348184e-17 1.42309775700019e-17
43 186.9744985401911 -11.67520733123701 0.8032069590254484 0.0 0.0
109 186.9821601143472 -11.66786672896845 1.091233308640715 0.0 0.0
351 186.9681339000642 -11.64993133773399 0.2295430580490231 1.06571665700124e-16 4.77552591828447e-17
434 186.9686782876108 -11.64187711755748 0.980908339656349 0.0 0.0
358 186.9788021835743 -11.64921989782026 2.04574039177304 0.0 0.0
233 186.9682387057327 -11.65989326869026 1.141694597766509 0.0 0.0
253 186.9432868430376 -11.65888316572118 2.097063108852074 0.0 0.0
304 186.9782752073538 -11.65546676387285 0.7602052731689825 0.0 0.0
90 186.9563936299936 -11.66941027898272 3.004247462256699 0.0 0.0
363 186.9773799949195 -11.64886123831483 1.882631230652178 0.0 0.0
196 186.9569699879459 -11.66162609231771 1.545754095511511 0.0 0.0
429 186.96952805858 -11.64268001890355 1.323673872115833 0.0 0.0
404 186.9638212648824 -11.64492083811048 0.8341516228743768 0.0 0.0
395 186.978419183666 -11.64637273296134 0.5484002127441923 1.25419180429133e-16 3.32269289385538e-17
352 186.9815424863586 -11.64967486221602 0.743830187345919 8.06518265031412e-17 2.14220312503011e-17
19 186.9704107353025 -11.68051876350979 1.257158422737359 0.0 0.0
222 186.9610663509083 -11.66077748809221 1.267891747945942 0.0 0.0
406 186.9718511478524 -11.64489813130734 2.279876376505545 0.0 0.0
276 186.9447840991772 -11.6575520770065 0.8804836532837864 0.0 0.0
453 186.9715573793437 -11.63939158703821 0.839709569027129 0.0 0.0
176 186.9490374088285 -11.6627827371341 1.164118824098126 0.0 0.0
354 186.9572797691956 -11.65066341965816 0.3451872616818645 2.08029058694102e-15 9.35877321939017e-17
150 186.9553217686909 -11.66468150380071 2.678893814942353 0.0 0.0
427 186.9710160144539 -11.64288923991129 0.2988324503616129 1.04353275073658e-16 3.23848207194107e-17
443 186.9665393283601 -11.64049554714512 1.751859551250539 0.0 0.0
208 186.9724100327353 -11.66115058144531 0.5899207973704989 3.51692291047686e-17 9.09158379459056e-18
330 186.9511868277875 -11.65221281007157 0.5498479557741849 5.03424711262218e-17 1.86961853191744e-17
81 186.9698861013164 -11.67052475173279 0.7099140926679198 0.0 0.0
20 186.9643190395593 -11.68038069634582 0.7500150230863649 4.83657147482669e-16 9.27041054336861e-17
175 186.9608601221744 -11.66323914295042 0.2151179611732532 2.10224818957526e-15 1.98325771349444e-16
401 186.9637142618619 -11.64521883743516 0.5272178392461059 2.50779787125859e-16 1.35486005643535e-17
316 186.9471726521 -11.65408373877209 0.7786431378225319 0.0 0.0
397 186.9700061706452 -11.64584118587658 0.7336872601862395 2.72131746709587e-16 3.12735392077111e-17
456 186.9680984160285 -11.63916184901949 2.088528967593529 0.0 0.0
437 186.9669635306398 -11.64173672456173 3.011277012142797 0.0 0.0
311 186.9862537463933 -11.6551659833156 0.3447445509646004 1.27624664356488e-15 6.27626716992602e-17
300 186.9778383995277 -11.6560461854844 1.010553300384242 0.0 0.0
165 186.9543546277554 -11.66345981669787 3.044481821785759 0.0 0.0
72 186.9609032790364 -11.67149525843714 1.393586307602801 0.0 0.0
432 186.9741946328482 -11.64231104029064 0.7462580920651032 5.91970800303331e-17 2.29626096554352e-17
80 186.9576200097095 -11.67036736024008 0.9880811044687606 0.0 0.0
337 186.9528296493175 -11.65170114425266 0.702715227242697 3.99236522241719e-17 9.36903701438354e-18
82 186.9700185239099 -11.67045709546944 0.7889195873507446 4.11278586108638e-15 3.57727314013373e-15
412 186.9706055060469 -11.6444410433444 1.347083477805725 0.0 0.0
203 186.9564456653178 -11.6613447391491 0.6403220297878032 1.00285646425164e-16 1.07694456637971e-17
91 186.9776428245746 -11.66928694276413 0.3241834130753884 9.22153592361594e-17 2.59910722334971e-17
105 186.957893720043 -11.66842670949479 0.7466815583213434 7.10595155455508e-17 2.79828811292259e-17
267 186.9770761259423 -11.65793031171594 2.071181214152022 0.0 0.0
393 186.9710684706515 -11.646169081461 1.222341462994845 0.0 0.0
102 186.9755902776563 -11.66865811212681 1.462155784605556 0.0 0.0
247 186.982504760937 -11.65936745513068 1.077592575823711 0.0 0.0
192 186.9504859759421 -11.66190098931265 1.489480780061149 0.0 0.0
101 186.9703057188438 -11.66888731771922 0.1933530804694821 1.8893055154577e-15 3.57345041451033e-16
291 186.9618900088897 -11.6565341368075 1.29734995326235 0.0 0.0
313 186.9561734885218 -11.65449100882078 0.2535200804285917 1.83409525364193e-16 4.77804184040779e-17
250 186.991655219321 -11.65902086652318 0.2056447718372601 4.29999698721965e-16 1.25530125265873e-16
65 186.9689235619879 -11.67282900793692 0.6313143461815122 4.05059932674977e-17 1.09996466932138e-17
225 186.9454296792921 -11.66118434054006 0.7402046549980722 8.8850486708684e-16 5.58667730428525e-17
235 186.969454875363 -11.65983626695496 0.7092377486182597 2.00213054201188e-18 5.72652924540188e-18
318 186.9731096934017 -11.653926621282 0.3235597848310696 7.46323859507204e-16 2.97714208322053e-17
286 186.9527274323666 -11.65729264478247 2.094701853729846 0.0 0.0
415 186.9667943859971 -11.64407605727668 1.595043310237025 0.0 0.0
398 186.9590103389167 -11.64573065087502 1.26625793044281 0.0 0.0
210 186.9783223374349 -11.6610949975078 1.152877275718822 0.0 0.0
14 186.9704835996188 -11.68118017228145 0.6105492012049178 0.0 0.0
463 186.9659957724574 -11.63623730334037 0.5820185630995586 0.0 0.0
74 186.9738372983475 -11.67151464253316 1.010616475719613 0.0 0.0
134 186.9666338210174 -11.66552733296374 0.6783425095240877 6.64203881579271e-17 1.2619620835527e-17
99 186.9560053938019 -11.66882361697679 0.8995491110338134 0.0 0.0
56 186.9759486137237 -11.67335818877383 1.445969520420389 0.0 0.0
29 186.9640175517276 -11.67798143472706 1.503100164088332 0.0 0.0
224 186.956912614473 -11.66065940231123 0.638443707224759 5.19679667628487e-16 2.33899023788928e-17
131 186.9671104452869 -11.66643158581845 0.5820830791838454 7.9616232233771e-16 4.09527375001416e-17
97 186.9723432268999 -11.6689848662583 1.779036871793535 0.0 0.0
152 186.9648694057707 -11.66405872988129 1.945153956391219 0.0 0.0
42 186.976448388022 -11.6749851131816 1.195894178971212 0.0 0.0
344 186.9593082166547 -11.65056700191213 1.444606097051244 0.0 0.0
314 186.9639640719682 -11.65442499191759 0.9801125955937107 0.0 0.0
159 186.9555115402497 -11.66363632112782 1.305691560217564 0.0 0.0
390 186.9748871325293 -11.64620497213753 0.1965782289000584 7.26962225497857e-16 7.36065214611713e-17
411 186.9575746134204 -11.64513670819109 0.5214271017601642 0.0 0.0
197 186.9551711529203 -11.66161187793894 1.741071873042265 0.0 0.0
376 186.9623681491765 -11.64786905276502 1.165863890595801 0.0 0.0
96 186.9724966834981 -11.66913797875941 1.490609193444799 0.0 0.0
380 186.9602652459791 -11.64763514523391 1.031803484259312 0.0 0.0
112 186.9675824777365 -11.667786866721 0.1936427051242814 6.21656596522579e-16 4.51178165444269e-16
220 186.9741710186858 -11.66053557499352 0.4646489065241524 1.83925005174093e-16 1.33055431776796e-17
321 186.9662247002236 -11.65313685811403 1.119566677941738 0.0 0.0
18 186.967863900225 -11.68094238007231 0.9980801753340556 0.0 0.0
372 186.9681824878644 -11.64823596859594 0.6339331025095012 5.94636840190454e-18 1.56686240315668e-17
299 186.9536952874899 -11.65613071992838 1.451155398022826 0.0 0.0
46 186.9603663381028 -11.67486348850684 0.9427962662459969 0.0 0.0
28 186.9634406976815 -11.67793501206704 1.191381746288375 0.0 0.0
139 186.9822071620858 -11.66558667362492 0.3015710218526757 0.0 0.0
205 186.9662960921558 -11.66137402777509 1.226519514513645 0.0 0.0
164 186.9504347256697 -11.66344492739408 0.8735809889952512 0.0 0.0
353 186.9725826195551 -11.64995161522301 0.2974115541400734 1.52203600616619e-17 1.88632257143353e-17
180 186.965355362659 -11.66259568008299 1.163882074631309 0.0 0.0
302 186.9695791728789 -11.65618189671644 0.8373725425567414 0.0 0.0
25 186.9697954204848 -11.67890736129084 0.409252888151574 8.69639908948752e-17 2.18245059518675e-17
141 186.96339666697 -11.66483296736915 0.3384644235776855 6.38389700725364e-17 2.08705603119447e-17
382 186.9611842165125 -11.64732321245805 0.4346216614951577 7.85379884534089e-17 3.47708253760083e-17
157 186.9734003481794 -11.66367476475325 1.070507382883209 0.0 0.0
325 186.9486447223516 -11.65294992356699 0.7662942988199621 0.0 0.0
127 186.9723518121192 -11.66618926847484 1.24279352834198 0.0 0.0
182 186.9635182965588 -11.66287709698767 1.158287242622388 0.0 0.0
70 186.9592383299638 -11.67184795263132 0.6966023242544053 3.79163318690441e-17 1.10102286531017e-17
147 186.9646834878824 -11.66460356538438 1.17896376398077 0.0 0.0
119 186.9505640952529 -11.66700922240384 1.536006992286855 0.0 0.0
371 186.9683953099082 -11.64820054944903 1.464810103033953 0.0 0.0
55 186.9772915832877 -11.67339314306071 0.2132593360321254 3.28612942674855e-16 1.11951360718509e-16
122 186.9585623747629 -11.66650548859086 0.6603969921258442 3.63792572473349e-17 1.62491406930489e-17
446 186.9665257940074 -11.64011197003139 0.7609277526492432 1.91864714525127e-16 6.52950587128309e-17
343 186.970676509308 -11.65091100303916 0.5660736637007104 1.87412126063944e-17 7.44467958898135e-18
440 186.9708812802073 -11.64115061023731 0.9734636741359797 0.0 0.0
230 186.9595413467856 -11.66011499818267 1.377998131953954 0.0 0.0
306 186.9651538084703 -11.65535037782201 1.336675612403335 0.0 0.0
438 186.9735591317897 -11.64131602777272 0.8082055904568175 0.0 0.0
84 186.9726168971258 -11.6699173419036 0.4065387229000265 5.19263971016045e-17 2.0395838026095e-17
231 186.9470999834502 -11.66013272371068 1.095433331960646 0.0 0.0
206 186.948144954928 -11.66121099170061 1.359909648477198 0.0 0.0
263 186.9520610816929 -11.65813024846683 0.3468173186821236 1.38443751337835e-16 2.37766699647045e-17
336 186.9527420335853 -11.65185190899225 1.081518477633302 0.0 0.0
229 186.9769593464909 -11.66078184554779 0.3453604677089177 1.03926646750351e-16 5.30709190988056e-17
425 186.9750626641843 -11.64281481860759 0.6438055653091587 2.19925816858641e-17 1.73619277606033e-17
204 186.9662764522876 -11.66160508938947 0.4675517182978814 4.47841747231979e-17 1.43768190897391e-17
452 186.9717405951866 -11.63953352777969 1.217334720759619 0.0 0.0
186 186.9566180546946 -11.66229779034916 0.8720249498487959 0.0 0.0
394 186.9659951232143 -11.64606975099042 0.8068292365429498 2.46605302939252e-10 1.22144742787437e-10
293 186.944784321015 -11.65651255766513 0.9727311206635672 0.0 0.0
418 186.9668746992944 -11.6437324672019 1.409128133207509 0.0 0.0
317 186.9507889531129 -11.65397921678342 0.5828369202568221 6.24827431908353e-17 1.74994977234744e-17
85 186.9727249939411 -11.66967670621019 1.46586548802008 0.0 0.0
274 186.9738899417566 -11.65776229870003 1.269150535701563 0.0 0.0
457 186.9697938171654 -11.63879610156737 1.46702078438228 0.0 0.0
256 186.9775967529589 -11.65895206893847 1.118647573778202 0.0 0.0
365 186.9755869190797 -11.64873196688131 1.229952157727048 0.0 0.0
209 186.9621899660085 -11.66115047572163 1.40203382541085 0.0 0.0
392 186.9707341201017 -11.64657139013822 0.6332793121327437 3.87114190597506e-16 2.77571193970229e-17
454 186.9714014647436 -11.6392013320916 0.7140469726723643 0.0 0.0
381 186.9589988764872 -11.64747189896695 0.5285121149662539 2.70357661131529e-16 2.23960374680111e-17
308 186.948336240614 -11.65498496445151 0.7344947651232622 0.0 0.0
310 186.97986447077 -11.65495709470527 0.2510958737576262 8.32499962905638e-17 2.35926710467653e-17
158 186.9840609706534 -11.66358023995945 1.394536537484923 0.0 0.0
