319 195.3603237399649 -11.61348310908167 1.053648709126153 0.0 0.0
219 195.3932886075416 -11.62182184527612 0.2336184094186664 2.12549490145637e-16 3.4352838867178e-17
260 195.3569349417118 -11.61845923909661 2.577504332109476 0.0 0.0
310 195.3770058142048 -11.61446216115679 0.9068040095921337 0.0 0.0
119 195.3773790026763 -11.63178008123776 1.115221348940666 0.0 0.0
126 195.3875675034625 -11.63131642580405 1.773833626621612 0.0 0.0
320 195.3805301698605 -11.61332000478387 1.111322046371452 0.0 0.0
189 195.3730871503671 -11.62508884805811 0.9356506961370689 0.0 0.0
162 195.3882149066148 -11.62798825559391 0.6531668552610679 5.49655596440978e-17 8.46646200283825e-18
204 195.3797634437974 -11.62326613138439 0.1079152669915379 0.0 0.0
130 195.3697495879886 -11.63130835497884 0.9635364363355353 0.0 0.0
228 195.3895679717322 -11.62055922683554 0.7019514298015259 1.77579685160159e-17 1.184130307587e-17
167 195.3799170120531 -11.62766473360247 1.410138151035737 0.0 0.0
114 195.3736707134188 -11.63199949350062 0.7448375565908694 0.0 0.0
18 195.3653407599873 -11.64046920638223 1.630755741683686 0.0 0.0
297 195.3898458219808 -11.61520131690219 0.6501341443063093 0.0 0.0
98 195.3723727796012 -11.63355047876742 1.383781170495447 0.0 0.0
214 195.3885076063113 -11.62228189320907 1.044698971042374 0.0 0.0
292 195.3782692410352 -11.61581532141152 0.4526317447205088 2.34003033008969e-16 1.73102552166924e-17
165 195.3929669957064 -11.62787821142808 1.368200615476441 0.0 0.0
349 195.380115703018 -11.6111796914518 2.100756141199848 0.0 0.0
110 195.3661353356209 -11.63221852266212 0.6239460371236588 7.27644848527951e-16 1.99339775401874e-17
177 195.3892062890816 -11.62650067212535 1.365491070835253 0.0 0.0
60 195.390667760988 -11.63897721879936 1.27353878096671 0.0 0.0
63 195.3947174512313 -11.6369740245255 0.6064980558690962 0.0 0.0
343 195.3876718468435 -11.61201281977398 1.018514459141075 0.0 0.0
59 195.3907224816472 -11.63962868002403 0.4082208120793887 7.1465473813609e-16 5.69218561215153e-17
81 195.3874602483905 -11.63485872507534 1.381341333735591 0.0 0.0
149 195.3700161671099 -11.62938355527184 1.39567581052801 0.0 0.0
296 195.3825614541728 -11.61520128460653 0.3830964485952229 6.97738068866773e-17 1.52270249237516e-17
254 195.3780540297558 -11.61905841168406 0.3990438434155488 2.4713015469555e-16 4.30930391809035e-17
345 195.3728807249737 -11.61162678709549 0.7804884378274759 2.57732121074998e-16 7.85586598935155e-16
91 195.3628477010754 -11.63414727279423 0.8240058000129528 0.0 0.0
121 195.3616107455025 -11.63176378105162 2.1121583708773 0.0 0.0
275 195.3921380295087 -11.61692247174732 0.738311902805203 0.0 0.0
61 195.3903533132205 -11.63770043749819 0.3508090201421122 2.16457138707751e-17 3.83155549282262e-17
72 195.3838826904132 -11.63599166914556 0.9071056722004489 0.0 0.0
234 195.3738047493595 -11.62048178184227 1.292251485490537 0.0 0.0
150 195.3925099955056 -11.62921145779749 0.3529562224728367 2.48440952813931e-16 2.15968191840585e-17
105 195.3807270662102 -11.63245209666641 2.008118740051785 0.0 0.0
45 195.3733146121824 -11.63837989407976 0.7593766507229042 6.99402232976727e-17 7.41041491063877e-17
159 195.3777014983732 -11.62836695622293 1.094121575491507 0.0 0.0
236 195.3921799311326 -11.62036549452836 1.043145402693288 0.0 0.0
3 195.3933179904168 -11.64144447284355 1.68000058812914 0.0 0.0
301 195.3852970446954 -11.61487717268411 2.0545863477993 0.0 0.0
252 195.3743973458264 -11.61914539407231 2.108982830457925 0.0 0.0
35 195.3809467246899 -11.63946130305636 1.616333692586988 0.0 0.0
258 195.3821149862398 -11.61859461939015 0.7111345997854742 3.14151073724115e-16 1.83625996094192e-17
78 195.3915531522268 -11.6350908607566 1.416038428518507 0.0 0.0
92 195.3913526411625 -11.63434050644572 1.284888419025549 0.0 0.0
148 195.379929704001 -11.62933052784025 1.805970225038195 0.0 0.0
217 195.3621737433487 -11.62232744255834 0.6225526106085378 2.94716405769514e-17 1.63776932886948e-17
107 195.3697492637465 -11.63226024130074 0.674281301610646 0.0 0.0
183 195.3861468347219 -11.62582172349488 0.4823843373745979 1.34779419508941e-15 3.99961225998394e-17
139 195.3640767828288 -11.6300407694886 1.208516165039487 0.0 0.0
10 195.3686911958473 -11.64114059991732 1.734068162614371 0.0 0.0
174 195.3923883098478 -11.62687488843921 0.5419265912906115 5.216129986935e-17 1.1955820704475e-17
240 195.3779073227096 -11.61988301531483 1.268393810171115 0.0 0.0
90 195.3748116350285 -11.63422065106174 0.8934878072798328 0.0 0.0
80 195.3899865173537 -11.63528692479113 0.4871846055195775 5.71712871653344e-16 3.40539615314568e-17
111 195.3814240147493 -11.63206750536488 1.237256120873319 0.0 0.0
227 195.3781852029664 -11.62078470322114 1.055651079451918 0.0 0.0
12 195.3640396469062 -11.64107565847381 2.786881390517259 0.0 0.0
151 195.3785733673108 -11.62935481492412 2.793618120264648 0.0 0.0
261 195.3754940542963 -11.61842739854546 1.343523660005255 0.0 0.0
232 195.3739603673589 -11.62130443478702 0.1386485513760103 0.0 0.0
43 195.3739780561849 -11.6384465817347 1.323067765719577 0.0 0.0
185 195.3896467756816 -11.62540352196359 0.2052331373564262 5.27700153773073e-17 5.88143923290876e-17
131 195.3693659850294 -11.63110548832439 0.5000889124916528 3.69683664184458e-16 6.07165308926197e-17
65 195.3666261981304 -11.63663119422701 0.6980375281177146 0.0 0.0
22 195.3637701140722 -11.64031747015414 1.027157132556902 0.0 0.0
331 195.3869709928247 -11.61257195247335 0.485722626778637 8.9616915568207e-17 1.62891209330808e-17
141 195.3845517297893 -11.62995445696183 0.3025201842099887 1.0794475394285e-16 3.65943709290611e-17
231 195.363942123311 -11.62046534516449 0.4881077117473097 4.00222638144237e-17 1.55076728533269e-17
51 195.371785454862 -11.63801426946191 0.3392133176897747 1.04177478714196e-16 3.31513330601127e-17
128 195.3837901185984 -11.63107125275872 0.709046932074525 6.67557679730723e-17 9.89643492302764e-18
307 195.3941088547543 -11.61455817478416 2.496516765700888 0.0 0.0
25 195.3656726028478 -11.64001384458414 0.2133657110070107 6.50791335389045e-17 4.84057659909455e-17
79 195.3901161482919 -11.63583283690916 0.6155828128884047 0.0 0.0
163 195.3942377283252 -11.62806455128919 0.393592367338121 1.33698298719853e-16 1.97855682910758e-17
95 195.3903268530602 -11.63393075147597 0.7292180798569053 4.75718383016511e-16 2.36572192888028e-17
154 195.3749890844391 -11.62900156316197 0.5056520327251337 5.8523948717738e-17 1.55330597454236e-17
93 195.3913992360096 -11.63397426720585 1.124781912981867 0.0 0.0
55 195.3925106727056 -11.63750141947147 1.312867712265439 0.0 0.0
42 195.3655399645976 -11.63867498747106 0.9516462041287217 0.0 0.0
16 195.3846004261306 -11.64070281076109 1.019219013602005 0.0 0.0
286 195.3533507940033 -11.6159737255162 0.1368853797608551 0.0 0.0
161 195.3733736614334 -11.62835132546857 0.9277916381758045 0.0 0.0
391 195.3530209453432 -11.60785403650039 1.811762815012858 0.0 0.0
89 195.3783167021083 -11.63442688786107 1.480371294786715 0.0 0.0
94 195.3864978817483 -11.6340375324165 1.281069970352929 0.0 0.0
57 195.3806055675475 -11.63737576253304 1.886978668503764 0.0 0.0
86 195.3792307098645 -11.63450766728998 0.6883313570291478 4.10960126182114e-18 1.17726436426447e-17
34 195.3783208053135 -11.63958594732541 1.341934927845493 0.0 0.0
288 195.37498740017 -11.61591626191379 2.163790319055948 0.0 0.0
31 195.3745958891513 -11.63973676084896 1.322443665118895 0.0 0.0
54 195.3832013848028 -11.63752107759123 1.009129420151728 0.0 0.0
279 195.384697501112 -11.61638361319766 2.043120190146403 0.0 0.0
102 195.3789108158335 -11.63332829332895 0.7180807854383994 8.12045689238173e-18 1.90476868315599e-17
203 195.3946013677211 -11.62352230904371 1.133496327548593 0.0 0.0
398 195.3830461509413 -11.60737619765162 0.9337464076030075 0.0 0.0
97 195.3879085753209 -11.63366518119124 1.02803663004591 0.0 0.0
52 195.3954676624783 -11.63793938805581 0.7988529499007414 0.0 0.0
29 195.3813378777479 -11.63997929913343 0.6733561687323604 4.47390125303489e-17 1.77967291163187e-17
197 195.3862046879514 -11.62390313446258 0.9536215028916868 0.0 0.0
364 195.3914075309163 -11.6096433982537 0.8803821431873867 0.0 0.0
85 195.3606980258363 -11.63472594191536 2.083296740160961 0.0 0.0
11 195.395975708817 -11.64124035970024 1.180389337568539 0.0 0.0
104 195.3658649518531 -11.63262361566481 0.603196606166669 4.66659566097641e-17 1.20591764894963e-17
155 195.3860290375869 -11.62923643117614 1.347191721203099 0.0 0.0
392 195.3776581486976 -11.60754712803093 1.300137959426856 0.0 0.0
199 195.3628631999422 -11.6239667828439 0.5164625247888316 5.42845933640891e-16 3.69636658871161e-17
291 195.3786335554365 -11.61578170599976 0.9062900589058132 0.0 0.0
198 195.3774767672998 -11.62396745271195 0.543559531394731 1.17333298067254e-16 1.84432502382244e-17
5 195.381156497886 -11.64132824046963 0.816307418419382 0.0 0.0
308 195.3673939672857 -11.6144566079702 1.535847832864363 0.0 0.0
191 195.3756564891068 -11.62477256774078 1.20343186338411 0.0 0.0
33 195.3764372655405 -11.63948776025146 0.5183337817435135 2.87332642414378e-16 1.61369350885121e-17
187 195.3884156726289 -11.62513527855006 2.010287084506321 0.0 0.0
108 195.3671878125175 -11.63217969833337 1.00355470603909 0.0 0.0
70 195.3859290623097 -11.63608509033977 0.7523806670352527 7.87067438979293e-17 1.83188978130415e-17
207 195.3775200015272 -11.62285996345606 1.247553622696672 0.0 0.0
294 195.383676144852 -11.61542565218127 0.4881256805636974 2.25310289712134e-16 2.40784321579495e-17
109 195.3767693232337 -11.63210510042414 1.403511077945297 0.0 0.0
84 195.3947855480181 -11.63470931449206 0.2362757111357327 1.59258004855765e-16 5.40016057077062e-17
388 195.3910813725732 -11.60776418617233 1.174835129783292 0.0 0.0
186 195.3671360947275 -11.62522396032417 0.756670242127152 0.0 0.0
115 195.3740199330514 -11.63200614203278 0.7444543608868037 8.33307799450658e-17 2.15067007001956e-17
239 195.3812277060053 -11.61992299476324 0.5920421019705225 3.26133963424953e-18 7.90116807470656e-18
184 195.3777853996623 -11.62558173814599 0.9010104324254415 0.0 0.0
226 195.39541139813 -11.62084108555586 1.289887607084242 0.0 0.0
218 195.3817703254437 -11.62210974634087 0.1933905568018864 3.24631114347402e-15 2.22327776339641e-16
24 195.3765892466315 -11.64075956885795 0.4903735612654563 2.14047412841252e-16 3.877268692639e-17
237 195.3919100429377 -11.62037971861819 1.46690522704131 0.0 0.0
339 195.3781083556524 -11.6119040356346 0.3211184179041471 2.93860213934946e-16 2.84489853613871e-17
205 195.3619256462811 -11.6234459330051 1.258430382133813 0.0 0.0
58 195.3887954513689 -11.63728331610677 2.881183479545004 0.0 0.0
157 195.3722465193432 -11.62855363726393 0.7566767489722004 2.86675110737906e-16 8.11076463868431e-17
242 195.3829244568621 -11.62012801388816 1.028848161660423 0.0 0.0
313 195.3832898608124 -11.61438449087387 0.3963531996972548 4.87843403750249e-17 3.15669543026267e-17
129 195.3697389890239 -11.63155514070085 0.4978876953814413 1.20047999614601e-16 1.56904697786525e-17
41 195.3959854144264 -11.63879511182901 1.116274366363949 0.0 0.0
140 195.3873729599939 -11.62995144993256 1.799945854670632 0.0 0.0
56 195.3753012497409 -11.63737354335466 0.8563334667546284 0.0 0.0
344 195.3875937903908 -11.61186806157019 1.207466520859767 0.0 0.0
278 195.394911580318 -11.61662322728682 1.035571727011144 0.0 0.0
401 195.3661342147626 -11.60702316546005 1.301458842294415 0.0 0.0
26 195.3747462927909 -11.64002132038073 2.444205797240145 0.0 0.0
176 195.3691732026494 -11.6266400033485 1.256629268804748 0.0 0.0
233 195.3735411086012 -11.62110349299687 1.186348633156482 0.0 0.0
381 195.3846265900051 -11.60877717975444 1.392215713802522 0.0 0.0
300 195.3789183639774 -11.61492145686625 0.4701100340862909 1.17685478786012e-16 2.11460508390983e-17
49 195.3758142528985 -11.63856812270097 0.4878916580923738 9.02428881226451e-17 3.77207126950222e-17
348 195.3809564217385 -11.61129966323383 1.853053018563599 0.0 0.0
46 195.368282092554 -11.63835709113954 2.065713664561245 0.0 0.0
245 195.377665161033 -11.61965656581375 0.3038193178303676 1.43360929573105e-16 2.6752500392341e-17
66 195.3826447342985 -11.63696470161265 0.3483817545390115 7.10299328494239e-16 5.40093816405217e-17
374 195.3744981268373 -11.60910605401178 0.9250012056250887 0.0 0.0
225 195.3742961656912 -11.62076663554684 1.303231042557301 0.0 0.0
202 195.3703401308636 -11.62364776114378 1.239415199158044 0.0 0.0
309 195.3651740012946 -11.61437682436102 0.9018642359264955 0.0 0.0
20 195.3602076994289 -11.64048474792147 0.8945750524079881 0.0 0.0
1 195.3947225448584 -11.64170834020693 0.7894759092929042 0.0 0.0
169 195.3918485082928 -11.62757202656341 1.199162649163786 0.0 0.0
118 195.3939560338439 -11.63208269964877 0.7806634793416783 0.0 0.0
113 195.3736395060778 -11.63210421554592 1.304469556908039 0.0 0.0
173 195.3705303092877 -11.62698134140608 1.128895771446587 0.0 0.0
