482 195.3614284807928 -11.69909400652361 1.043138194660013 0.0 0.0
581 195.4035848508008 -11.69145407786778 1.460571004950172 0.0 0.0
460 195.3830999547036 -11.70057666914042 0.6813348989095594 1.27304032391502e-17 6.03623931035732e-18
455 195.3702333382921 -11.70096609552444 0.6128315968295251 1.94615299419906e-16 1.21364258326311e-17
382 195.3829237472786 -11.70594128202545 1.358586734106528 0.0 0.0
493 195.3686917839955 -11.69826649910653 1.198819276426349 0.0 0.0
293 195.3956364795616 -11.71232229476149 0.9126190960142546 0.0 0.0
609 195.3992010420983 -11.68930055043745 1.294191259538781 0.0 0.0
465 195.4121413601738 -11.70056308794705 2.017130972140851 0.0 0.0
357 195.4078009745506 -11.70851425551478 3.177652929134373 0.0 0.0
303 195.3820221764352 -11.71201857271804 0.2749357436578541 2.97761807740986e-16 2.73635615450428e-17
667 195.390667457363 -11.68375071752148 0.9452269048421171 0.0 0.0
436 195.3937357632613 -11.70273050341882 0.5360096354426824 1.37162939228802e-16 8.83208753651782e-18
630 195.379990360075 -11.68706042154466 0.9955847634001057 0.0 0.0
276 195.387678242284 -11.71316227800151 1.420992143800362 0.0 0.0
381 195.4002780713087 -11.7060305039374 1.139788642611284 0.0 0.0
669 195.3771328179773 -11.68308069597903 1.188871196223061 0.0 0.0
641 195.4004590520437 -11.68553337769716 0.1895502475334762 2.01657047075892e-15 7.77593693930765e-16
432 195.3961732313925 -11.70265126131413 0.3970743448809086 8.08492573932551e-17 1.85931255867304e-17
615 195.370680235882 -11.68876079026983 1.868802864879851 0.0 0.0
608 195.3995623571618 -11.68937367751734 1.098657933323958 0.0 0.0
640 195.4001019296822 -11.68552663636182 1.424317614136914 0.0 0.0
541 195.4060451454669 -11.69407169942605 0.1950882822648969 9.15922447710896e-16 2.61850531708305e-16
176 195.3739046636802 -11.72175804187085 1.538147908542011 0.0 0.0
521 195.4024768066706 -11.69577356293099 1.550341989468526 0.0 0.0
515 195.383028491916 -11.69655950996892 0.6695802649540712 9.92394386670126e-18 5.03069159479393e-18
369 195.4091890103766 -11.70697355785772 0.1070072752093361 0.0 0.0
523 195.3679048510208 -11.69570183033516 1.658152827134501 0.0 0.0
361 195.384516506374 -11.70806331740524 1.011784265760631 0.0 0.0
590 195.3875114967692 -11.69085686051346 1.163257735882338 0.0 0.0
589 195.3989679676962 -11.690710414495 0.5680868104760027 9.48924506504121e-17 2.54866674400543e-17
579 195.3640345039083 -11.69140890785203 0.5893198671494388 8.60993467977925e-17 2.5284787077834e-17
341 195.3860718056849 -11.70926735736913 1.380796813727871 0.0 0.0
595 195.4029131500557 -11.69036560724779 2.105006668736643 0.0 0.0
673 195.396570482128 -11.68252149105881 1.202137401067659 0.0 0.0
457 195.3891125786327 -11.7008923332849 0.9549487573048537 0.0 0.0
681 195.4004259030071 -11.68132735437333 1.290838459128514 0.0 0.0
418 195.3904749277031 -11.70362464741041 0.2845339143013115 1.18082801795988e-16 3.34205238696418e-17
243 195.3803435380455 -11.71568732406752 0.9173022051104153 0.0 0.0
545 195.3716318897949 -11.69388123731592 1.127253537967018 0.0 0.0
566 195.4045283623389 -11.69245244061032 1.154156150485736 0.0 0.0
411 195.4011401519556 -11.70393778389177 0.2973392680526072 6.7193254551237e-17 2.88347387327753e-17
453 195.3948762236824 -11.70102852146883 1.160377598104166 0.0 0.0
519 195.4001169893779 -11.69622509127128 1.098229217600944 0.0 0.0
535 195.4069189691641 -11.69464413061218 0.9237037678648754 0.0 0.0
165 195.3779886814933 -11.7222498738889 0.2889922853982269 0.0 0.0
282 195.3812627538112 -11.71293349492792 1.442547555180515 0.0 0.0
342 195.4063202216268 -11.70917930577649 1.294783744488665 0.0 0.0
253 195.383638242589 -11.71478322730633 1.879488217256962 0.0 0.0
555 195.4067052049846 -11.69314714289535 1.847199225620593 0.0 0.0
674 195.3941322814951 -11.68255783672496 0.1988290159934049 5.07244233559873e-16 1.2811485248066e-16
486 195.3727428886376 -11.69896286703326 1.198554004332584 0.0 0.0
690 195.394309599795 -11.67877054133061 1.356028946570416 0.0 0.0
585 195.4046634370572 -11.69092290567694 0.8396013433454833 0.0 0.0
397 195.4051632531 -11.70476178420008 1.212628171745061 0.0 0.0
291 195.4076375949437 -11.71254342527323 0.1887346299611082 0.0 0.0
464 195.4075328589867 -11.70024954017576 0.6299986588541674 7.59309485239324e-17 1.08790751380681e-17
358 195.3851929068381 -11.70862134708188 1.00732421875193 0.0 0.0
647 195.3728782429154 -11.6853849234446 1.291784709168582 0.0 0.0
626 195.369653680799 -11.68717708204841 1.203521575725246 0.0 0.0
400 195.3903092962083 -11.70473906029303 2.051116349536186 0.0 0.0
631 195.3797153170346 -11.6866528736245 0.221494075068011 0.0 0.0
325 195.3695635986506 -11.71058791965473 1.121324622111557 0.0 0.0
304 195.4051785325343 -11.71169230881093 1.602719016022758 0.0 0.0
491 195.3846618197902 -11.69889577628098 0.4811055222670539 1.87938556771269e-15 4.03333620824836e-17
666 195.3795375190891 -11.68395569388291 0.6265268068777579 6.02018071290232e-18 1.03290897993314e-17
285 195.3893177387509 -11.71276616639059 1.001867091204246 0.0 0.0
639 195.3713771633178 -11.68550016367342 1.888860158644331 0.0 0.0
619 195.3754158589882 -11.68872984708481 1.263128192825632 0.0 0.0
392 195.3796250308189 -11.7050159811865 1.298166029751739 0.0 0.0
190 195.3797969690628 -11.72014120539255 1.110580847799665 0.0 0.0
625 195.3698249220519 -11.68721963417111 0.5558349353342723 6.97429644634775e-17 2.35609011826026e-17
257 195.3722281434339 -11.71504489613782 1.467925597648528 0.0 0.0
620 195.3813911353117 -11.68832649071549 1.891764466620681 0.0 0.0
419 195.3961148973111 -11.70347933724969 0.2957344086872891 0.0 0.0
437 195.3747546825611 -11.70258680604179 1.225757869851401 0.0 0.0
318 195.4089027981808 -11.7106159185308 0.7694269134490869 0.0 0.0
301 195.4019209844399 -11.71264808747445 0.1202690791060347 0.0 0.0
539 195.3792488016399 -11.69398476021587 1.227158358584354 0.0 0.0
607 195.3696944972632 -11.68949932177696 1.178648641308545 0.0 0.0
604 195.3818586933643 -11.68948899699391 0.6235485255442025 0.0 0.0
524 195.4072063353609 -11.69561334529686 3.22873823370928 0.0 0.0
329 195.3895547602741 -11.7100785852558 1.151470684101807 0.0 0.0
330 195.3800504364539 -11.70993774342574 0.7197349510463118 4.72071645521827e-17 1.75785174378935e-17
642 195.3771308700866 -11.68563579858068 0.5178899424997435 3.71053848927549e-16 2.06553883201731e-17
695 195.3928358875531 -11.67639377102923 0.942014206772105 0.0 0.0
499 195.3913029174093 -11.69776392670051 2.049470965873774 0.0 0.0
466 195.4119709898501 -11.70020075787966 0.2077674743907867 0.0 0.0
444 195.3905953099028 -11.70227419735005 0.7903218174370591 1.90995468247022e-15 4.53551013749177e-15
463 195.3894800605258 -11.70036606106804 1.014628434640432 0.0 0.0
580 195.4039496420307 -11.69214709724192 0.5767368878117283 7.04880975411708e-18 2.46064422675107e-17
550 195.4061243932736 -11.69327542226921 1.974903013777876 0.0 0.0
260 195.3879517666368 -11.71486438909856 0.5329145091348271 5.20502341503296e-16 1.84244972327883e-17
161 195.3777329682578 -11.72253099987294 0.8454217700354779 0.0 0.0
533 195.37484019192 -11.69515850515621 1.368111250180525 0.0 0.0
562 195.3966710497006 -11.69261154238583 1.292701498671619 0.0 0.0
280 195.4066768662756 -11.71302027314789 1.398322986904544 0.0 0.0
561 195.3924267201403 -11.69288353028196 0.48314516897205 3.20751264436516e-16 2.12595438111421e-17
374 195.3839232029933 -11.70681197572796 0.839037797503749 0.0 0.0
587 195.3655369697298 -11.69098146771092 1.381284803993672 0.0 0.0
319 195.3768671626519 -11.71056761787515 1.292685714424741 0.0 0.0
468 195.4054272956244 -11.70003504596751 1.239357290280734 0.0 0.0
676 195.3964538658194 -11.68197424056669 1.297614081457124 0.0 0.0
299 195.4083266103056 -11.71201974567711 1.081127931449549 0.0 0.0
548 195.404980413971 -11.69368156776248 1.442350602330728 0.0 0.0
322 195.3935044995907 -11.71060972081849 0.4870545314265783 1.70701979320806e-16 2.35561099405845e-17
661 195.4030501331307 -11.68466489242489 1.117646288481196 0.0 0.0
210 195.3803441319778 -11.71801733235466 2.979278665986037 0.0 0.0
660 195.4025052235522 -11.68468616797498 0.5577029831544646 7.6722570484209e-17 1.63643605520855e-17
256 195.3782605549134 -11.71483991480657 1.884119102942955 0.0 0.0
413 195.4095421323213 -11.70383099342903 1.333440335693991 0.0 0.0
596 195.3744740598331 -11.69007065077233 1.223893188580796 0.0 0.0
526 195.3862344827391 -11.69538273772999 0.4854520569200305 3.32355527757001e-16 2.06407121586191e-17
431 195.3889040077703 -11.70275008427361 0.8896662031126306 0.0 0.0
440 195.3917815876257 -11.70235076059131 2.019250801668992 0.0 0.0
433 195.3825875463815 -11.70280267157431 0.7030639523352465 1.53149560631964e-16 1.17229126269982e-17
679 195.3950905998813 -11.68157586011454 2.27027432209687 0.0 0.0
268 195.3796435547831 -11.71389598804121 0.7199743280679697 9.74110720374753e-18 9.44245458470158e-18
426 195.3776150468273 -11.703047247251 0.9776562813180469 0.0 0.0
406 195.3823432570107 -11.7043569619155 1.540190593599509 0.0 0.0
218 195.3824584525813 -11.71733048948734 0.9114482652625077 0.0 0.0
320 195.4033113746434 -11.71047340535419 0.7380304984680158 4.21075050772511e-17 1.03844385348175e-17
492 195.3623330584866 -11.69832526750631 0.6302689146524914 1.42847312855989e-17 5.4466857872772e-18
456 195.4093834728552 -11.70074069974346 2.079028598224701 0.0 0.0
612 195.3917861100404 -11.68883220041079 1.030870086194081 0.0 0.0
390 195.3776020065221 -11.70516709007656 1.869654077154146 0.0 0.0
316 195.3754759016528 -11.7108102709529 0.7955866515067945 0.0 0.0
646 195.3747313258079 -11.68531336454054 1.732434371633145 0.0 0.0
384 195.4019505005356 -11.7057841161884 1.138841827838857 0.0 0.0
237 195.3845006415119 -11.7158516280498 1.061573085041615 0.0 0.0
686 195.3878016238928 -11.67970657381433 2.105060447642995 0.0 0.0
634 195.3930072372664 -11.6863157739461 0.4237165816802952 2.11105535996576e-16 1.94161149576787e-17
685 195.3830893879106 -11.67980889026373 0.6589341126832242 5.51860380334988e-18 2.04532080783173e-17
247 195.3837440990455 -11.71579097915857 2.501612026166458 0.0 0.0
546 195.3784704338438 -11.69383676118097 1.420565727132792 0.0 0.0
538 195.3961723768544 -11.6941580033271 2.057107471874299 0.0 0.0
554 195.4067635185395 -11.69340720378956 1.330094261562489 0.0 0.0
188 195.3802644798976 -11.72027976880084 0.7437159225185788 2.40209451759443e-18 1.03791515953406e-18
349 195.3880747302625 -11.70878254428933 1.377244481667416 0.0 0.0
497 195.3881897997943 -11.69791219391419 0.3025873810735468 4.2213461452232e-17 1.23648061088564e-17
598 195.4068043363185 -11.69001227297435 0.7840409071338685 0.0 0.0
290 195.3954257245352 -11.71242644553085 0.9125741899754096 0.0 0.0
239 195.3711555280067 -11.71573112436977 1.693396498570557 0.0 0.0
494 195.3793506383062 -11.69824974215959 0.7126610074815751 4.71593784018469e-17 1.40567561909855e-17
654 195.3831497933868 -11.68504655057357 1.338226942393076 0.0 0.0
678 195.3823989316404 -11.68156326654748 1.766447730420432 0.0 0.0
367 195.3639622679524 -11.7068380932083 1.806933817163685 0.0 0.0
691 195.3953048469142 -11.67843221813117 1.146936410264515 0.0 0.0
420 195.3826332829626 -11.70341043397589 0.2513043224651544 8.594806448678e-17 2.23162104606064e-17
509 195.3982287463722 -11.6974297267758 0.9465898574929488 0.0 0.0
575 195.3984544853498 -11.69167720633586 1.923838754139063 0.0 0.0
597 195.377718079154 -11.69012000912753 0.5177518518724473 3.93324687997889e-16 1.75761571736994e-17
428 195.3733000682946 -11.7030263982986 1.133524349192452 0.0 0.0
354 195.4071011331884 -11.70867716456457 1.160741115009002 0.0 0.0
242 195.3725342739845 -11.71564989650204 1.857555785432545 0.0 0.0
693 195.3954262111712 -11.67765562967083 1.340429275663742 0.0 0.0
356 195.4080155406194 -11.70851377884541 0.7159678746115546 0.0 0.0
600 195.3855865405303 -11.68982500822844 0.1241477014997115 0.0 0.0
657 195.3937164080803 -11.68492077114829 1.294761053830231 0.0 0.0
476 195.3929265062097 -11.69926090386454 1.140648200982673 0.0 0.0
331 195.4093303260564 -11.70979264349664 1.30032241601521 0.0 0.0
350 195.3799275626617 -11.70874970125776 1.089503279971238 0.0 0.0
552 195.3904208980469 -11.69305037434669 1.414835593115405 0.0 0.0
377 195.3975805962106 -11.70650763098416 1.268648181637964 0.0 0.0
689 195.3900539151568 -11.67892982031004 0.8795441349951623 0.0 0.0
317 195.3757350390271 -11.71095431313885 2.073885516022556 0.0 0.0
601 195.3673992266219 -11.68951216294457 0.9597824889871323 0.0 0.0
443 195.3929600122326 -11.70219811615684 1.115212447836911 0.0 0.0
592 195.3696183993196 -11.69051655279103 1.109546227544185 0.0 0.0
559 195.3915743038675 -11.69274802124333 1.206896124459525 0.0 0.0
684 195.3964793312424 -11.68031847204055 0.1972846134097061 5.50864788313586e-16 1.24319572757797e-16
501 195.3761655909515 -11.69769996510878 0.4819071919501067 2.05757237644828e-16 1.34128952090132e-17
573 195.4006245286862 -11.69180864016657 0.7469159662828984 3.68743744162004e-17 2.07545704939245e-17
233 195.3792115893334 -11.71611405373669 1.097326984607033 0.0 0.0
506 195.3884836878038 -11.69756607842848 0.4001469078331669 1.4960324905807e-16 1.64051020927186e-17
591 195.3876541009133 -11.690583115966 1.136970819793296 0.0 0.0
487 195.4113995846625 -11.69868641559323 0.5140531143029133 1.41452420839729e-16 1.19402960864599e-17
568 195.3855470238861 -11.69218423506864 1.112317752903905 0.0 0.0
338 195.3661301555589 -11.70945665318916 1.911906095863714 0.0 0.0
570 195.3678544888728 -11.69208398278687 0.7381868256630375 0.0 0.0
405 195.3676565411123 -11.70436641879715 1.426470748354822 0.0 0.0
259 195.3708162011303 -11.71471822747971 2.485915968288744 0.0 0.0
407 195.3865426984447 -11.70429306586455 1.252242301624078 0.0 0.0
694 195.3908357503709 -11.67713867470808 0.7278991836689531 0.0 0.0
