198 195.3217664414655 -11.54792223828405 1.013761957755726 0.0 0.0
38 195.3450926487006 -11.56074717160696 0.1727538556950976 2.81683300645211e-15 7.45262505353344e-15
352 195.3270244309364 -11.53700257269236 1.425807629730373 0.0 0.0
217 195.3627305351065 -11.54678364132684 0.6730963570082491 0.0 0.0
243 195.3364772678577 -11.54521124367039 0.5238091619504484 2.48723006162639e-16 1.72723390609448e-17
358 195.34158089919 -11.53635030886512 0.6915107601960807 4.62349127965515e-17 8.00428282612615e-18
132 195.3343849887444 -11.55293741166109 0.6421115763785377 0.0 0.0
339 195.3429045552577 -11.53793709071953 1.059526721224551 0.0 0.0
208 195.3220029753085 -11.54739095703647 0.2936640738903596 8.24411368254905e-17 3.10281959314799e-17
338 195.3513693549394 -11.53799365712681 0.4709942530014249 6.59145074720801e-17 1.77726824882723e-17
59 195.3410404523571 -11.55845304776311 0.4152586351860849 5.6444032566425e-17 1.5544582066925e-17
212 195.3668044227612 -11.5471773934992 0.1516922351869858 0.0 0.0
264 195.3308222371818 -11.54354033561973 1.122853226310024 0.0 0.0
3 195.3396912802844 -11.56855359348303 0.6415404331704233 0.0 0.0
332 195.3583622674425 -11.53896616610362 1.027529591951236 0.0 0.0
378 195.3321038760699 -11.53482032733999 0.6647261649015439 5.68390817693074e-18 1.52325433980451e-17
207 195.3584912672957 -11.54762453083458 0.5021229332658674 1.33123887212876e-16 2.025760921889e-17
383 195.3391073937829 -11.53434572564138 1.164674022486839 0.0 0.0
348 195.3577070866436 -11.53728123284501 0.9291590359105987 0.0 0.0
155 195.3541884797656 -11.55034873459482 0.6617143307158507 1.7372784000415e-17 1.10959353960603e-17
421 195.3352987074046 -11.52934904179763 1.106438010619244 0.0 0.0
260 195.3309987949604 -11.5439307040164 1.439584129941016 0.0 0.0
251 195.3396931405164 -11.54460835709228 0.5227874319769075 1.47822594758864e-16 2.44826804097599e-17
394 195.3511326587541 -11.5334792178121 0.3876289517722619 2.28120589385561e-16 1.5238105092385e-17
361 195.3542158091513 -11.53631230807173 0.9617822400396977 0.0 0.0
47 195.3388077228742 -11.55986541314993 0.1400751942273217 0.0 0.0
141 195.3451300526484 -11.55195680078022 0.1148207795100501 0.0 0.0
124 195.3361649999493 -11.55365233385616 1.397717962386447 0.0 0.0
126 195.3450603015477 -11.55346705060425 0.8463027284091093 0.0 0.0
303 195.335897630779 -11.54138252495611 0.9199713129840835 0.0 0.0
279 195.3443923384922 -11.54281763868675 1.095446481205632 0.0 0.0
448 195.344990592039 -11.52164312342663 1.152981650209149 0.0 0.0
258 195.3251573962436 -11.54379300914244 1.617900677568405 0.0 0.0
375 195.349789168392 -11.53506745172428 0.5210321750630551 1.90481313193667e-16 1.33921622037584e-17
4 195.3401162252552 -11.56837717914217 0.2286710270859693 4.45789205134471e-16 6.73493628292604e-17
186 195.3388056349945 -11.54869953357041 1.449139240185928 0.0 0.0
353 195.3538726325367 -11.53683389423317 1.308959969748131 0.0 0.0
160 195.3377548274443 -11.54998424312039 0.702021038948428 3.96564502252374e-17 9.02968360294217e-18
301 195.3444833722818 -11.54182763756348 0.4975580498993189 1.30531230002853e-16 1.74279338854131e-17
143 195.3249229228042 -11.55153215502016 0.2054865546228337 2.89208426532588e-15 1.19919433407433e-15
166 195.3549112292626 -11.54935962380076 1.151666848473115 0.0 0.0
222 195.3588367456246 -11.54661446075339 0.8427259523206869 0.0 0.0
432 195.3409466266957 -11.5268749336389 1.282617948008974 0.0 0.0
147 195.342154827929 -11.55129031429168 1.020041639876024 0.0 0.0
60 195.3336366799332 -11.55843059941423 0.4365887903905498 8.48776219695806e-17 1.50435644930432e-17
97 195.3405898616319 -11.55569969831651 1.37876413238355 0.0 0.0
131 195.3373881404563 -11.55309537140484 1.374394666452744 0.0 0.0
202 195.3287163816977 -11.54809359093966 0.4998226999124348 5.98769679297185e-16 4.64713607573412e-17
337 195.3416046440663 -11.53793944221067 0.6334894605723325 1.40306319646247e-17 1.17621557499398e-17
144 195.3265357743039 -11.5516130164499 0.2701003734473213 8.03788461637309e-17 4.19055871886707e-17
179 195.357236123511 -11.54882105960372 1.069559375925065 0.0 0.0
187 195.3390687431969 -11.54871072378521 0.6212415217293445 2.28841407080452e-16 1.71140038682257e-17
259 195.33061333287 -11.54446583826602 1.038384374112097 0.0 0.0
159 195.3279735439755 -11.55019870698399 1.05309202011898 0.0 0.0
402 195.3332707924605 -11.53246718809725 1.078734892879184 0.0 0.0
272 195.3571722604071 -11.54343984157525 0.6257144029483171 3.58400070208226e-17 1.8082067632714e-17
241 195.360205592648 -11.54527769750988 0.9336744480054879 0.0 0.0
230 195.3293445631251 -11.54577181263745 1.502071300438153 0.0 0.0
386 195.3409909787056 -11.53421666362219 1.001619544905766 0.0 0.0
165 195.3445559768813 -11.54933695524591 1.519939748492795 0.0 0.0
367 195.3543905520002 -11.5353114153135 1.956778540485684 0.0 0.0
225 195.3592488026927 -11.54635503811026 1.139471778641994 0.0 0.0
291 195.3463449389283 -11.54243912763022 2.000810031493554 0.0 0.0
287 195.357379783019 -11.54271372263807 0.9824630191524967 0.0 0.0
263 195.3524282720601 -11.5435521606294 0.5148733805990259 1.01330693123925e-16 8.32010691646998e-18
408 195.3404261045078 -11.53159983554304 1.118998033466172 0.0 0.0
381 195.3489527011424 -11.53471186737043 1.11912403567195 0.0 0.0
223 195.3292927336691 -11.54651090329081 0.728963033533456 1.83400529391627e-17 1.5488132585559e-17
46 195.3364618563978 -11.55991793191794 0.8511111666936683 0.0 0.0
414 195.3395034915759 -11.53063914053928 1.7887031297341 0.0 0.0
64 195.335598949979 -11.55822297760314 0.6884229001197497 0.0 0.0
48 195.3507075959324 -11.55974623997699 1.07992116164499 0.0 0.0
65 195.3388104087164 -11.55818917924421 1.535396914691555 0.0 0.0
92 195.334727433136 -11.55609483258729 1.061663274843407 0.0 0.0
388 195.3456588878358 -11.53440707090025 0.4993483246830148 1.05201630509887e-16 2.39175730327247e-17
210 195.3399882307619 -11.54750308379557 0.65276223661781 6.22747260198681e-17 7.70743235121578e-18
446 195.3462214932039 -11.52249800535748 0.6820654247077814 0.0 0.0
382 195.3548808378754 -11.53436129859984 2.026352634881276 0.0 0.0
254 195.3620615079233 -11.54458474266893 2.021624872541965 0.0 0.0
158 195.3527974873539 -11.55028886847632 0.8084643764561402 0.0 0.0
442 195.3464430176978 -11.52525396203258 1.121511180187184 0.0 0.0
239 195.3564549314111 -11.54536622674942 0.8878542685749984 0.0 0.0
87 195.3475694038238 -11.55652504646624 1.356329013923108 0.0 0.0
410 195.337422916883 -11.53135856168567 1.684804825428102 0.0 0.0
423 195.3486746966841 -11.52940227183995 0.4979592851859484 1.20887222600323e-16 2.51254179687851e-17
406 195.3346293639654 -11.53235435449222 2.419390026729552 0.0 0.0
17 195.3463584836247 -11.56467962536751 0.8417908375570261 0.0 0.0
41 195.3509603718547 -11.56088499985394 1.304638036832223 0.0 0.0
305 195.3437979261159 -11.54105342474547 0.4115008983223152 4.89602741049137e-17 1.8355556544768e-17
439 195.3439746525408 -11.52570256730527 2.547576470669055 0.0 0.0
316 195.3461515183401 -11.54032813119881 1.055609667957663 0.0 0.0
403 195.3542493679211 -11.53239104290556 0.5763010646897222 1.05332889118539e-16 9.6950092634611e-18
57 195.3502307227119 -11.55864012096437 0.4671812783575314 5.58603219420378e-16 2.8578790452001e-17
327 195.329797067348 -11.5397261573977 1.239275000109949 0.0 0.0
127 195.3551735026984 -11.55321639163794 0.7804222545263031 2.56734776158895e-16 7.77270637513023e-16
346 195.3563439600331 -11.53760072346263 0.6033760303589191 1.30614197142126e-17 8.33447725804387e-18
302 195.3524738887957 -11.54156099373095 0.7628197969465449 1.4462354214634e-16 6.52020251560134e-17
130 195.3303367406056 -11.55340520307175 0.5326264853747258 1.12802236596087e-16 1.15417381128207e-17
201 195.3286273680741 -11.54857599029348 0.2684541524730098 2.01505827225184e-17 2.691358178002e-17
356 195.35575084215 -11.53676398411336 0.4509806968922717 2.36319288546029e-16 2.88863222466067e-17
418 195.3385943704275 -11.53046004482699 3.235116541077395 0.0 0.0
174 195.3304151829461 -11.54901791973514 0.563385039550714 2.3467187579902e-17 6.85780756516402e-18
288 195.35779935973 -11.54273265035246 0.5029576107779773 2.55694887083409e-16 5.01491324001515e-17
99 195.3434847634739 -11.55547959787842 0.5975077801184685 0.0 0.0
273 195.3492116282939 -11.54361338497777 0.4445055729652704 3.73311384921529e-16 1.61163656489294e-17
443 195.3428804246504 -11.52509290550443 0.5797289526795406 4.32453828153264e-16 1.09794644272209e-17
377 195.3566425468263 -11.5347867940678 1.105312459659817 0.0 0.0
369 195.3434078963745 -11.53507592198559 1.005933939504092 0.0 0.0
289 195.3576528290431 -11.54320331064814 1.413445698927501 0.0 0.0
232 195.3406015491365 -11.54569473868784 1.157451856707677 0.0 0.0
354 195.3503028889476 -11.53717098668113 0.494435852446988 1.77053029894579e-15 6.07603563366571e-17
347 195.3475293723014 -11.53763718046753 0.7288536041253431 8.38058236431445e-17 1.62012253546564e-17
296 195.3320587449651 -11.54195812243299 2.940164950175619 0.0 0.0
107 195.3343759763807 -11.55459613811245 1.745635692198978 0.0 0.0
55 195.3519182511158 -11.5586690873317 0.9456957041084924 0.0 0.0
262 195.3521520990006 -11.5437848912304 1.980578745681067 0.0 0.0
178 195.3265335540751 -11.54885529603082 0.5899328695627056 5.43007394250165e-17 1.47909905882942e-17
31 195.3341212945861 -11.56195622318535 0.6375432799642459 0.0 0.0
244 195.3543486382922 -11.54495080469413 1.437121807805546 0.0 0.0
304 195.3336522906167 -11.54179801895302 1.585344385898534 0.0 0.0
309 195.3505419075091 -11.54085364651867 2.113193932612135 0.0 0.0
436 195.339268032795 -11.52647185417673 1.240674038707186 0.0 0.0
321 195.3468187208762 -11.54000456768381 0.9641018502114472 0.0 0.0
331 195.3515057637114 -11.53908548925463 0.2274587362238934 1.23182148074303e-16 3.64721969176481e-17
120 195.3418929762667 -11.55375742998265 0.4071588376013992 2.93075550571152e-17 9.11287416011813e-18
177 195.3626610508898 -11.54884456202671 2.84839433598146 0.0 0.0
24 195.3418473876 -11.56282810832452 0.9270107274938137 0.0 0.0
29 195.3460249542798 -11.5620478073295 0.5548398675336685 3.68544102823258e-17 1.07708572841024e-17
142 195.3249926054864 -11.55161656764247 0.7677779162115161 0.0 0.0
152 195.3385002683799 -11.55077848411487 1.349269697078893 0.0 0.0
215 195.3386901051817 -11.54698336627439 0.6625396598705745 1.88918976932707e-17 6.94271683221506e-18
250 195.3632706235562 -11.54440754483862 1.346120267364348 0.0 0.0
156 195.3323794816631 -11.5503417776854 0.4995384171573091 1.05710523185321e-16 1.56967812379352e-17
23 195.3415758022646 -11.56303130122432 1.797521736324122 0.0 0.0
345 195.3487353157482 -11.5377093119062 1.224434405346367 0.0 0.0
253 195.3346786424133 -11.54425192981784 0.3792445758411281 5.16164155353065e-17 1.64437274256523e-17
362 195.3465660125226 -11.53623009096205 0.6486312478557348 6.41442739061913e-17 9.33956829490636e-18
419 195.3351615635177 -11.53080968066047 1.683048955208662 0.0 0.0
76 195.3516014881683 -11.55725032353959 1.099591015647596 0.0 0.0
56 195.3452670900332 -11.55885374534684 0.3978545984967867 2.29678053465373e-17 2.92239487261392e-17
154 195.3374351218323 -11.55077655992328 0.2055726109727605 5.51176552948873e-16 6.07765118386524e-17
293 195.3430006346897 -11.54215088124989 1.608450513781274 0.0 0.0
429 195.3484855360248 -11.52818427688281 0.4347535381464244 5.56552106058177e-17 1.77021005048791e-17
199 195.3383256932281 -11.54765243529178 0.1077480870069709 0.0 0.0
286 195.3297288278421 -11.54256379871023 1.297932913607096 0.0 0.0
200 195.3476022602542 -11.54761263101328 1.376680057412491 0.0 0.0
376 195.3499308560408 -11.53494045266386 1.017509580688748 0.0 0.0
63 195.3538371269865 -11.55829577778512 0.3980488601760582 2.26731075268072e-16 2.6753458504949e-17
