181 195.2603469520945 -11.52304684896365 1.387838132038011 0.0 0.0
93 195.2487364850589 -11.53036812366492 0.5213223574163164 1.33213822313904e-16 1.4691334477802e-17
61 195.236112062508 -11.53169583383614 1.127432523903236 0.0 0.0
99 195.233804035351 -11.52973494613652 1.392432896991042 0.0 0.0
270 195.2267186092155 -11.51715252788922 0.9596974288577838 0.0 0.0
418 195.2245934750079 -11.50704730465657 0.6304613652246314 1.79824586515475e-16 2.22800561021524e-17
344 195.2622650565344 -11.51211430393981 1.201527130709085 0.0 0.0
31 195.2447416294173 -11.53406553199406 2.502833985797858 0.0 0.0
49 195.2317084525494 -11.53265936656938 0.4939201158970901 1.28583665192689e-16 1.18602841691413e-17
101 195.2624265351844 -11.52983921831703 2.204541396776415 0.0 0.0
445 195.2519198872541 -11.50548358768591 1.391649045655909 0.0 0.0
212 195.2445016733205 -11.52105605416496 3.079529415003775 0.0 0.0
224 195.2425241575197 -11.52033073216396 0.4946458356592136 2.13305595045203e-16 1.52939217265976e-17
148 195.2414918233395 -11.52600588165996 1.96554944819592 0.0 0.0
384 195.2281264022397 -11.50957377778648 1.050939412338767 0.0 0.0
193 195.2457617704217 -11.52255757950735 0.8027521435369926 0.0 0.0
59 195.2329941991004 -11.53189389694817 0.6948590267320756 0.0 0.0
283 195.2598503754205 -11.51619047941178 1.163809822948854 0.0 0.0
86 195.2631487471738 -11.53063018987977 1.229536829291324 0.0 0.0
195 195.2504718879414 -11.5225022889882 0.4119135396049061 7.61803269305987e-17 2.75407427762928e-17
426 195.2553609517831 -11.50652430169906 1.091291543549427 0.0 0.0
54 195.2355082099259 -11.53272307001802 3.104561738165159 0.0 0.0
13 195.248277943603 -11.53608850682166 1.008971136391817 0.0 0.0
227 195.2411031535786 -11.51997048748489 1.68128946771536 0.0 0.0
294 195.2513691600209 -11.51571320159254 1.121283398340434 0.0 0.0
26 195.2503655174245 -11.53446998007313 1.212445331216306 0.0 0.0
278 195.226853395215 -11.51673531955965 0.1526801297160486 0.0 0.0
114 195.2546757434052 -11.52829238297088 0.555357074215912 1.86926538748245e-17 7.89680291250824e-18
225 195.2425796192894 -11.52012042301452 0.49430971205865 4.31401395646563e-17 1.23276068293983e-17
157 195.2326533616468 -11.52524389027702 0.64921080098975 0.0 0.0
102 195.2623410818079 -11.52966013379583 1.248950798860776 0.0 0.0
163 195.2570594226368 -11.52468895076074 1.300555616435007 0.0 0.0
396 195.2277146981174 -11.50894332832207 0.2361243424587044 1.11049647925662e-15 1.02201688211699e-16
478 195.2487889444029 -11.50153757905749 1.379234140273176 0.0 0.0
452 195.2576979334596 -11.5044416274843 0.474002571797468 6.27953620905022e-17 1.38160230565518e-17
237 195.2479682069974 -11.51959599489035 1.376108398629739 0.0 0.0
252 195.2429347452836 -11.5186966766493 1.41136460593321 0.0 0.0
35 195.2476656176515 -11.53365147830719 0.3011420719331834 2.48568708726915e-17 2.78535943892341e-17
118 195.2339526240693 -11.52793308312165 0.1200145350275622 0.0 0.0
459 195.2572673852913 -11.5040232968529 1.777520219716617 0.0 0.0
460 195.2570920674465 -11.50397832122192 1.503790691956361 0.0 0.0
167 195.2577255814193 -11.52463916871023 1.255844055115222 0.0 0.0
112 195.2400596499615 -11.52853729445081 1.181976775589722 0.0 0.0
370 195.24294098435 -11.51032791159846 1.600518020389809 0.0 0.0
123 195.2488669342126 -11.52786562852594 0.5358105930592901 2.28850074145352e-16 3.41079936162829e-17
323 195.2446908564581 -11.51357396436626 0.7127269570836576 2.11166175072868e-17 1.21800894423982e-17
390 195.2268322409151 -11.50913010600519 2.522054282838635 0.0 0.0
378 195.2354257247734 -11.51004217513429 0.759000898170388 1.19995404730569e-16 2.85781247712965e-17
131 195.2586142127405 -11.52736880761264 1.067224052554358 0.0 0.0
466 195.2577607275488 -11.50355718474439 2.496300246347463 0.0 0.0
269 195.2339338488393 -11.5174564078384 0.4899978867117094 8.73803082328236e-17 3.02012755764172e-17
139 195.252384169319 -11.5268802165755 0.5360026275480504 6.53291778881827e-17 1.14661024184111e-17
385 195.2607010573019 -11.50983416646368 1.030745511017507 0.0 0.0
469 195.2491434534313 -11.5030786541086 0.9954949479712789 0.0 0.0
251 195.2479126215237 -11.51869014974127 1.121673253000872 0.0 0.0
45 195.2367365555824 -11.53315894360536 2.114688559423333 0.0 0.0
105 195.2624670297255 -11.52913979943937 1.851164443944711 0.0 0.0
155 195.2435532818848 -11.52552174348529 0.4781462414242559 6.93580053578225e-17 1.54237662198554e-17
168 195.2577839716623 -11.5244929638278 1.265924238842664 0.0 0.0
327 195.2365609241755 -11.51333763294756 1.180598006250346 0.0 0.0
479 195.2509676070307 -11.50151963395164 1.344192676700373 0.0 0.0
38 195.2383471630409 -11.53344285171255 0.4646187411268725 5.92010526108311e-17 2.32742392376524e-17
238 195.2383390462211 -11.51939684891934 0.7534150911477436 6.86526140378498e-17 4.3483978215756e-17
217 195.2310738997155 -11.5205985922069 1.150311083653184 0.0 0.0
468 195.2490404454543 -11.50341469591439 0.5152406701512545 5.52047252655263e-16 2.32642207045262e-17
62 195.2623064401245 -11.53163563172694 1.128033329609373 0.0 0.0
96 195.2451751753157 -11.53018634364535 1.231399126484289 0.0 0.0
259 195.2422731763131 -11.51788962960387 0.3641258287837708 4.07892895985813e-17 1.21083794485797e-17
51 195.2631428820501 -11.53252110032247 1.159940187662629 0.0 0.0
199 195.2335072097023 -11.52234457031937 0.9150279447494079 0.0 0.0
57 195.2405871844798 -11.53192143696398 0.4658820149362588 6.29355229581618e-17 1.37617045956361e-17
249 195.2415462004095 -11.51871234909941 0.5450053698053203 4.05713606892388e-17 1.49816602263195e-17
23 195.2548967213965 -11.53478149285771 0.9834654418350345 0.0 0.0
400 195.2414285742542 -11.50843414814097 1.188101199561733 0.0 0.0
470 195.2487812619704 -11.50325909482478 0.7199350584732699 1.17974776863423e-16 2.55733757678401e-17
292 195.2482607065893 -11.51577287651697 1.388892408258176 0.0 0.0
273 195.2474219085005 -11.51714684210599 0.2553454748411627 4.75290215607264e-16 1.19843769008556e-16
411 195.2338849984575 -11.50747285073506 0.5479204687704092 7.33825503071138e-17 1.50035306344418e-17
461 195.2568822084459 -11.50373188950334 1.156094811832795 0.0 0.0
349 195.2305865106276 -11.51194732952588 1.381001334672769 0.0 0.0
46 195.2307175632645 -11.53304712099922 2.028614494605224 0.0 0.0
223 195.2544250812828 -11.52013874833849 0.5449163088338235 2.68681515347188e-17 8.30602568508355e-18
68 195.2329506584504 -11.53125484563006 0.6868560572594108 3.10296348571088e-17 1.35061766476986e-17
308 195.2517442269854 -11.51459638517048 0.2955666500033029 9.60146956955284e-17 3.28515526282038e-17
366 195.2328954929024 -11.51101180248638 0.2542793882003756 1.59426091392793e-16 5.78240987393831e-17
401 195.2468916642707 -11.50798885005482 0.5847191904341811 8.06588666923084e-17 1.50692858644631e-17
143 195.2595058702586 -11.52654311104286 1.443442496059848 0.0 0.0
132 195.2594890448817 -11.52734888346666 0.3595488043368359 1.30212273751466e-16 2.90203633870515e-17
372 195.2613553430485 -11.51014559323981 2.101806948062534 0.0 0.0
449 195.2422102843927 -11.50486175006117 1.21517320836762 0.0 0.0
121 195.2503619204454 -11.52780767937096 1.391552804234317 0.0 0.0
239 195.2605396156395 -11.51925409785858 1.659248495537864 0.0 0.0
228 195.2470192170721 -11.51991405329237 1.416573353995078 0.0 0.0
407 195.2252647738809 -11.50768095485396 1.25981123997292 0.0 0.0
3 195.2362379975872 -11.53925457929544 0.9968256046860824 0.0 0.0
262 195.2490795485084 -11.51776047959852 1.018690952098149 0.0 0.0
22 195.2306286872191 -11.53495846416288 0.637361651574951 4.91092764517594e-17 1.6877722375169e-17
98 195.2466266823272 -11.52992666455883 1.171096324457409 0.0 0.0
398 195.2291163488319 -11.50831388238982 1.260823583970381 0.0 0.0
422 195.260729386619 -11.50680816451651 0.7275636856957917 0.0 0.0
144 195.2357559870634 -11.52664047164359 0.4933220059849872 4.3871312834184e-16 3.79670939993029e-17
221 195.2482058903882 -11.52033235661449 0.2831365225936692 2.09691692968068e-16 4.78108703918437e-17
89 195.2634376332715 -11.530388077621 1.112281572218876 0.0 0.0
280 195.249038211352 -11.51644159679381 1.012104773529478 0.0 0.0
37 195.2597256311414 -11.53343728617718 0.5586043709946841 3.92590084613603e-17 9.80421442584455e-18
380 195.2313282916074 -11.5097905855972 0.9320709397476956 0.0 0.0
169 195.2580122684811 -11.52455590198095 1.220078911073326 0.0 0.0
97 195.2380982891699 -11.53005207082503 0.8783338758758951 0.0 0.0
453 195.2588657514442 -11.50492350368636 1.245562410964427 0.0 0.0
448 195.2529134806633 -11.50504725788142 1.340310397735235 0.0 0.0
414 195.2598949448245 -11.50747012975129 1.314230694652178 0.0 0.0
458 195.2530149423161 -11.50394092120251 0.6249262949988635 9.57246350955367e-17 9.41065398675888e-18
279 195.2265945808998 -11.51664528838351 0.5878134983276762 5.20487648276668e-17 1.81108469002478e-17
441 195.2409335287899 -11.50569939731554 1.295077020521254 0.0 0.0
44 195.2444702390081 -11.53311434897933 0.1815859875742667 6.69938931234413e-16 1.89670400288868e-15
107 195.2643227146372 -11.52939389044182 3.100430043179581 0.0 0.0
320 195.2483100390786 -11.51465800539551 0.2498626752770009 3.6369267458447e-16 1.70865164991866e-16
146 195.2354519056272 -11.52621902064812 0.7528215067856314 5.08655462630438e-17 3.80342151656445e-17
229 195.2556506940409 -11.52024461845749 0.4662862946160846 3.75386728702281e-17 2.93763639309417e-17
178 195.2445792668057 -11.52335046892509 0.5352323095871571 2.32667987610879e-16 1.87854099843126e-17
305 195.2562556521736 -11.51533734867533 0.3274773828282169 2.51615673651025e-16 2.67065496400799e-17
207 195.231628521872 -11.52141316503398 0.7265851701056968 3.41529529314843e-17 1.39531585649583e-17
432 195.2494103084172 -11.50624242114561 1.007472486026469 0.0 0.0
122 195.2364097733165 -11.52780920403526 0.493416011712088 8.79805963156776e-17 1.58745340958564e-17
222 195.2301419239328 -11.52032167165054 0.9266899252415897 0.0 0.0
65 195.23191133914 -11.53139899605615 1.726607267295632 0.0 0.0
389 195.2527369101654 -11.50940409808404 0.5932534333933941 7.66382130749422e-17 2.64360201473638e-17
334 195.2334300238097 -11.51294933716572 0.4940714093879319 3.57441489641777e-16 1.97943344841851e-17
482 195.2501634096578 -11.50156162020454 1.144585727602051 0.0 0.0
310 195.2408362328481 -11.51451645237658 0.6833683962833856 2.84317388759885e-16 2.06414311558133e-17
15 195.2488186260184 -11.53603550768134 1.333969222905198 0.0 0.0
104 195.2382547108398 -11.5291837167711 1.443616737419582 0.0 0.0
11 195.2414849876827 -11.5368236435984 1.12409100924634 0.0 0.0
21 195.2556689405996 -11.53517498359505 1.866982728589203 0.0 0.0
240 195.2457314817345 -11.51921419573418 0.2544693475244579 1.33046655423745e-16 4.21563461071578e-17
5 195.2391720712395 -11.53781757694292 1.022549321627059 0.0 0.0
92 195.2506385623165 -11.53029519996735 1.034207907050019 0.0 0.0
282 195.2417572086881 -11.51619448103425 0.6316176956468628 6.51309142366143e-18 7.23195724560866e-18
288 195.2534297246292 -11.51575689348931 1.32659991036249 0.0 0.0
341 195.2549364330839 -11.51269547313968 0.5985786806789863 4.0161589656989e-16 2.94720416808536e-17
91 195.254906913752 -11.53031130764565 0.5407214574972016 4.04245323559098e-17 1.57766532005034e-17
446 195.252118933454 -11.50539920562813 2.105606708072914 0.0 0.0
397 195.2349927576566 -11.50841420665156 1.041971395192959 0.0 0.0
257 195.2518420129531 -11.51797747872792 1.008638969229977 0.0 0.0
